50.0,0.0008550891854911978
71.75421209117938,0.001464333402855033
93.50842418235877,0.0021230563947114076
115.26263627353816,0.0027370306853526506
137.01684836471753,0.0033453326738823747
158.77106045589693,0.0039439929627225504
180.52527254707633,0.004490131647723928
202.2794846382557,0.005039006613669901
224.0336967294351,0.005515788553325445
245.7879088206145,0.005967336090731608
267.54212091179386,0.006424696769834356
289.29633300297326,0.006845946788048093
311.05054509415265,0.007242814135266485
332.80475718533205,0.007593359165699
354.5589692765114,0.007954768767174568
376.3131813676908,0.008263349009074227
398.0673934588702,0.008603121422444298
419.8216055500496,0.008891206429414683
441.575817641229,0.009122073777987108
463.3300297324083,0.009433466399477976
485.0842418235877,0.009560464296009583
506.8384539147671,0.009738133313440518
528.5926660059465,0.009961186977936716
550.3468780971259,0.010129069094253875
572.1010901883053,0.010283847331220938
593.8553022794847,0.010375838159012794
615.6095143706641,0.010591280500995148
637.3637264618434,0.010545551393345917
659.1179385530228,0.010743676071740807
680.8721506442022,0.010778945841222739
702.6263627353816,0.010815424332825088
724.380574826561,0.010833198434716728
746.1347869177404,0.010944791755090182
767.8889990089198,0.010917781810318659
789.6432111000992,0.010994189675360071
811.3974231912786,0.010978019049976001
833.151635282458,0.010991496035381989
854.9058473736374,0.010919854783747126
876.6600594648166,0.010950964062375513
898.414271555996,0.010955848884349766
920.1684836471754,0.010902003374141699
941.9226957383548,0.010954620846872657
963.6769078295342,0.010855210953243655
985.4311199207136,0.010839948105782243
1007.185332011893,0.010751010270840597
1028.9395441030724,0.010814638797615758
1050.6937561942518,0.01067292348798421
1072.4479682854312,0.010642199117612675
1094.2021803766106,0.010576692204490494
1115.95639246779,0.010520158381954903
1137.7106045589694,0.010466811344489256
1159.4648166501488,0.010384237885720116
1181.2190287413282,0.010388537249267483
1202.9732408325076,0.010249034562720577
1224.7274529236868,0.010189263109233414
1246.4816650148662,0.01012243963322726
1268.2358771060456,0.010094057915350596
1289.990089197225,0.00995924714568536
1311.7443012884044,0.009898535931866792
1333.4985133795838,0.009817114364579696
1355.2527254707632,0.009767973560174547
1377.0069375619426,0.009693274401299594
1398.761149653122,0.009589410451775698
1420.5153617443013,0.009520724241834757
1442.2695738354807,0.009425158154792524
1464.0237859266601,0.009331183545948337
1485.7779980178395,0.009315405090848598
1507.532210109019,0.009217148088339256
1529.2864222001983,0.009120962957460631
1551.0406342913777,0.009042310794603612
1572.7948463825571,0.008979199175436194
1594.5490584737365,0.00889085884147634
1616.303270564916,0.008817505508875228
1638.0574826560953,0.00874936758722189
1659.8116947472747,0.0086747909070124
1681.5659068384539,0.00857474728980324
1703.3201189296333,0.008510890074090371
1725.0743310208127,0.008434370697924357
1746.828543111992,0.008367026359070289
1768.5827552031715,0.008276667530403103
1790.3369672943509,0.008222366116369971
1812.0911793855303,0.008135010034088772
1833.8453914767097,0.008056763639575013
1855.599603567889,0.007995321379176324
1877.3538156590685,0.007909705277932926
1899.1080277502479,0.007837977334474118
1920.8622398414273,0.0077796443901250395
1942.6164519326067,0.007678669658025536
1964.370664023786,0.00762928745027424
1986.1248761149654,0.007551511661698603
2007.8790882061448,0.00746307659197338
2029.6333002973242,0.007393466854713423
2051.3875123885036,0.007340835488850367
2073.141724479683,0.0072719857688491795
2094.8959365708624,0.007180643471627665
2116.650148662042,0.007134014627107867
2138.404360753221,0.00703645716810676
2160.1585728444006,0.0070129652513977285
2181.91278493558,0.007006071318401276
2203.6669970267594,0.00691547600103572
2225.421209117939,0.006853021436467641
2247.175421209118,0.0069084981093121825
2268.9296333002976,0.0068069525258057295
2290.683845391477,0.006748871434107261
2312.4380574826564,0.006668127652854286
2334.192269573836,0.0065726094534165795
2355.946481665015,0.006570423979213594
2377.700693756194,0.00650514950662112
2399.4549058473735,0.0064175073608154125
2421.209117938553,0.006378790346086788
2442.9633300297323,0.006323374750207756
2464.7175421209117,0.006241087866221401
2486.471754212091,0.006194247522243925
2508.2259663032705,0.006143839398811464
2529.98017839445,0.006088354046263489
2551.7343904856293,0.0060095213223071275
2573.4886025768087,0.005975440553206601
2595.242814667988,0.0059285795542246035
2616.9970267591675,0.005858384586076268
2638.751238850347,0.00580489826497347
2660.5054509415263,0.0057616900441467694
2682.2596630327057,0.0057066363471611715
2704.013875123885,0.005621032895726994
2725.7680872150645,0.0055838989348339745
2747.522299306244,0.005531348309814705
2769.2765113974233,0.0054618015157543946
2791.0307234886027,0.005435643620914086
2812.784935579782,0.005374813341053064
2834.5391476709615,0.005323728951477995
2856.293359762141,0.005269103561358801
2878.0475718533203,0.005229203469836013
2899.8017839444997,0.005161160995460227
2921.555996035679,0.005116347453215136
2943.3102081268585,0.005078675125837446
2965.064420218038,0.0050315274267523375
2986.8186323092173,0.004972411980383363
3008.5728444003967,0.00492306987444704
3030.327056491576,0.004903031679884804
3052.0812685827555,0.0048308954927153
3073.835480673935,0.004792309123481602
3095.5896927651143,0.004736299388232335
3117.3439048562936,0.004703528870509248
3139.098116947473,0.004629113571256704
3160.8523290386524,0.004611474109587302
3182.606541129832,0.004538274333865792
3204.3607532210112,0.004492156993161526
3226.1149653121906,0.00447186895994337
3247.86917740337,0.004424976267375567
3269.6233894945494,0.004381203985583529
3291.377601585729,0.0043173909615156466
3313.1318136769078,0.004272339655831217
3334.886025768087,0.004250424537776197
3356.6402378592666,0.004202511472028363
3378.394449950446,0.004147561510606563
3400.1486620416254,0.004119386165336044
3421.9028741328048,0.004065689968721176
3443.657086223984,0.0040379483985692535
3465.4112983151635,0.003985731600603583
3487.165510406343,0.003931573754673057
3508.9197224975223,0.0038998465883083146
3530.6739345887017,0.003860059593824945
3552.428146679881,0.003806373367391197
3574.1823587710605,0.0037706724518881247
3595.93657086224,0.0037279784502266106
3617.6907829534193,0.0037175053583860507
3639.4449950445987,0.0036579531160977176
3661.199207135778,0.0036330236874977844
3682.9534192269575,0.003588176495329347
3704.707631318137,0.003532190040088585
3726.4618434093163,0.0035124610086486366
3748.2160555004957,0.0034712384871411527
3769.970267591675,0.003444797877671925
3791.7244796828545,0.003411954282799375
3813.478691774034,0.003375096233990521
3835.2329038652133,0.003335508190154238
3856.9871159563927,0.0033007633432642516
3878.741328047572,0.00327854550168577
3900.4955401387515,0.0032473377232861075
3922.249752229931,0.0032066433955469697
3944.0039643211103,0.003189830360459001
3965.7581764122897,0.003142951252261161
3987.512388503469,0.0030976547331644307
4009.2666005946485,0.003098674468428396
4031.020812685828,0.0030402491353130915
4052.7750247770073,0.0030279823295719546
4074.5292368681867,0.0029841371305831437
4096.283448959366,0.0029451386678694775
4118.0376610505455,0.00291766601558883
4139.791873141725,0.002865652597315488
4161.546085232904,0.0028493576571229176
4183.300297324084,0.002821479694090496
4205.054509415263,0.0027924539756151753
4226.808721506442,0.0027641338555600015
4248.562933597622,0.0027130640120404457
4270.317145688801,0.0026731299980547146
4292.071357779981,0.002666162782240612
4313.82556987116,0.0026365982779151245
4335.579781962339,0.0025947619140244834
4357.333994053519,0.002580733552298842
4379.088206144698,0.0025300781910496365
4400.842418235878,0.0025183765716731087
4422.596630327057,0.0024894297104859175
4444.350842418236,0.002490912995371175
4466.105054509416,0.002467977338194174
4487.859266600595,0.002418394527663549
4509.613478691775,0.0024014288616192652
4531.367690782954,0.002373922463812582
4553.121902874133,0.0023350801691830628
4574.876114965313,0.002311849397648774
4596.630327056492,0.002293866186128781
4618.384539147672,0.002251260454700877
4640.138751238851,0.0022175765830241352
4661.89296333003,0.002186952881247559
4683.64717542121,0.00216744259731717
4705.401387512388,0.002145255480578945
4727.155599603568,0.0021103772434486684
4748.909811694747,0.00209382752361029
4770.6640237859265,0.0020843051863431612
4792.418235877106,0.002036971372013853
4814.172447968285,0.001998454410376179
4835.926660059465,0.0019919044994338962
4857.680872150644,0.00196748118869025
4879.4350842418235,0.0019428222071401695
4901.189296333003,0.0019052650097353913
4922.943508424182,0.0018851811517742799
4944.697720515362,0.0018714341424493142
4966.451932606541,0.001854262761250681
4988.20614469772,0.0018170592583358419
5009.9603567889,0.0017846974673607849
5031.714568880079,0.0017643028252318249
5053.468780971259,0.001740645501933119
5075.222993062438,0.0017314166457190483
5096.977205153617,0.0017212395219971565
5118.731417244797,0.0016883146794581865
5140.485629335976,0.0016723511524500468
5162.239841427156,0.0016548856473512
5183.994053518335,0.0016271267567048978
5205.748265609514,0.0016205086178018306
5227.502477700694,0.001598459064573441
5249.256689791873,0.001591153651321267
5271.010901883053,0.0015653834556689297
5292.765113974232,0.0015406952518496316
5314.519326065411,0.0015430400182477448
5336.273538156591,0.001515600904756922
5358.02775024777,0.0014997048394934252
5379.78196233895,0.001488682477933424
5401.536174430129,0.0014719382640382716
5423.290386521308,0.0014730420975769837
5445.044598612488,0.00144075062276648
5466.798810703667,0.0014387829719453868
5488.553022794847,0.0014180855344558734
5510.307234886026,0.0014147638734884347
5532.061446977205,0.00139439144927384
5553.815659068385,0.0014075276022263293
5575.569871159564,0.0013954457689344289
5597.324083250744,0.0013903624700868475
5619.078295341923,0.001378117581113092
5640.832507433102,0.0013699101057989172
5662.586719524282,0.0013721089889090444
5684.340931615461,0.00138002457067474
5706.095143706641,0.0013909069392090902
5727.84935579782,0.001374227957512872
5749.603567888999,0.0013600966398579918
5771.357779980179,0.0013708157568258397
5793.111992071358,0.001352480125138998
5814.8662041625375,0.0013538668673691663
5836.620416253717,0.001367581107562546
5858.374628344896,0.0013695452715032825
5880.128840436076,0.001370835731211074
5901.883052527255,0.0013724329719887963
5923.6372646184345,0.001367901603506992
5945.391476709614,0.0013697729765829812
5967.145688800793,0.0013944812604907964
5988.899900891973,0.0013914376014036707
6010.654112983152,0.001398017843338203
6032.4083250743315,0.0014131709370249588
6054.162537165511,0.001412669256941624
6075.91674925669,0.0014149335857664839
6097.67096134787,0.0014335649482105789
6119.425173439049,0.0014221670981980283
6141.1793855302285,0.001441692126211765
6162.933597621408,0.0014517096748206922
6184.687809712587,0.0014700546880429312
6206.442021803767,0.0014932648270698672
6228.196233894946,0.0015024990255401167
6249.9504459861255,0.001493273618552541
6271.704658077305,0.0015344662409645903
6293.458870168484,0.0015596266089461925
6315.213082259664,0.0015510020647013982
6336.967294350843,0.0015554153465621328
6358.7215064420225,0.0015997830186762828
6380.475718533202,0.0016064622423627019
6402.229930624381,0.001621279002818454
6423.984142715561,0.0016631489034172496
6445.73835480674,0.0016463052207087846
6467.4925668979195,0.0016783097631429664
6489.246778989099,0.0017048472213221921
6511.000991080278,0.001737534156684409
6532.755203171458,0.001765026793479351
6554.509415262636,0.0017690773724563322
6576.2636273538155,0.001815803507817407
6598.017839444995,0.001830886381608919
6619.772051536174,0.0018641899624257717
6641.526263627354,0.0018658986006286622
6663.280475718533,0.0018933321116470824
6685.0346878097125,0.00193293496666727
6706.788899900892,0.0019574478460939898
6728.543111992071,0.001957064452853048
6750.297324083251,0.0020075363847036494
6772.05153617443,0.0020280605345169064
6793.8057482656095,0.002070804413882924
6815.559960356789,0.0020957113379921864
6837.314172447968,0.0021324689164487253
6859.068384539148,0.0021377882289211904
6880.822596630327,0.002171127259892888
6902.5768087215065,0.002209276139936563
6924.331020812686,0.002221153970092573
6946.085232903865,0.002265473744732655
6967.839444995045,0.0023012541924872184
6989.593657086224,0.0023212088816067372
7011.3478691774035,0.0023681440375587378
7033.102081268583,0.0023827636705214808
7054.856293359762,0.0024193437018782595
7076.610505450942,0.0024516942204053506
7098.364717542121,0.0024912173893012627
7120.1189296333005,0.002508386255149713
7141.87314172448,0.002575975345139196
7163.627353815659,0.0025836976186142603
7185.381565906839,0.002623469786120092
7207.135777998018,0.002669037808777725
7228.889990089197,0.0026653136593371147
7250.644202180377,0.002729085321935721
7272.398414271556,0.0027654938243736864
7294.152626362736,0.002808904641789215
7315.906838453915,0.0028338330264263984
7337.661050545094,0.0028873670624345637
7359.415262636274,0.002911146711482951
7381.169474727453,0.0029358663036184057
7402.923686818633,0.002987145682161652
7424.677898909812,0.003031233972212802
7446.432111000991,0.0030786182792366446
7468.186323092171,0.0030926654199369837
7489.94053518335,0.0031339806073713986
7511.69474727453,0.0031872070715384965
7533.448959365709,0.003250456373803839
7555.203171456888,0.0032734878842314353
7576.957383548068,0.0033194623655384316
7598.711595639247,0.0033376527343035554
7620.465807730427,0.00339101612935415
7642.220019821606,0.0034289095578288443
7663.974231912785,0.003467419629435843
7685.728444003965,0.003511457747798911
7707.482656095144,0.003571579180825199
7729.236868186324,0.003593871535607805
7750.991080277503,0.0036302516861190215
7772.745292368682,0.0036991118970235277
7794.499504459862,0.0037568522572707062
7816.253716551041,0.003802555544932644
7838.007928642221,0.0038262846635338044
7859.7621407334,0.0038553546779763336
7881.516352824579,0.003915529823746718
7903.270564915759,0.003995780194886851
7925.024777006938,0.004029789694567819
7946.778989098118,0.004064750517672271
7968.533201189297,0.004125167878838629
7990.287413280476,0.004177626641997703
8012.041625371656,0.00421600417820061
8033.795837462835,0.004261732543118233
8055.550049554015,0.0043250021455399305
8077.304261645194,0.00437037846919932
8099.058473736373,0.004428071799980777
8120.812685827553,0.004491629149830827
8142.566897918732,0.004512077071767502
8164.3211100099115,0.004590290070793566
8186.075322101091,0.004616329862543729
8207.829534192271,0.00468536819221414
8229.58374628345,0.004740838356754425
8251.337958374628,0.004800094933188301
8273.092170465809,0.004827101846722109
8294.846382556987,0.004902116644519692
8316.600594648167,0.004952620813719237
8338.354806739346,0.005010846032211427
8360.109018830526,0.005051919705705248
8381.863230921705,0.005133087503371241
8403.617443012885,0.0051762456538376345
8425.371655104063,0.00522911534813146
8447.125867195244,0.005301863563825931
8468.880079286422,0.005365710716028213
8490.634291377602,0.0054178745220759775
8512.388503468781,0.005506434043514732
8534.142715559961,0.0055224357119511135
8555.89692765114,0.005591467249451614
8577.65113974232,0.0056795563787341696
8599.405351833499,0.005737524028987504
8621.159563924679,0.005789865995746102
8642.913776015857,0.00582519211398431
8664.667988107038,0.005924770853608856
8686.422200198216,0.006005874183852089
8708.176412289396,0.006044704410579893
8729.930624380575,0.006133230545208047
8751.684836471755,0.006202073638825163
8773.439048562934,0.006238540109298729
8795.193260654114,0.00634848009621114
8816.947472745293,0.006408825759279465
8838.701684836473,0.00644315964658831
8860.455896927651,0.006474085839778153
8882.210109018832,0.006548278060196436
8903.96432111001,0.006607545949753206
8925.71853320119,0.006688145705391592
8947.472745292369,0.006763673349314039
8969.22695738355,0.006809915925350694
8990.981169474728,0.006914605830751092
9012.735381565908,0.0069623380292411115
9034.489593657087,0.007050953951382253
9056.243805748267,0.007146605552282986
9077.998017839445,0.007197051267661847
9099.752229930626,0.007307019461671427
9121.506442021804,0.007381998328707817
9143.260654112984,0.007454714268642695
9165.014866204163,0.007514897153521463
9186.769078295343,0.007606024175809132
9208.523290386522,0.0077240987619571514
9230.277502477702,0.007775344404100053
9252.03171456888,0.007872147599346001
9273.78592666006,0.007965198718674191
9295.54013875124,0.008028447313639232
9317.29435084242,0.008104044568707652
9339.048562933598,0.00821851002560744
9360.802775024777,0.0083052212778274
9382.556987115957,0.008434953360595007
9404.311199207135,0.008474093839055891
9426.065411298316,0.00854784343799651
9447.819623389494,0.008667210470422244
9469.573835480674,0.008783123496434796
9491.328047571853,0.008933053751932315
9513.082259663033,0.008905458175764457
9534.836471754212,0.009040949390038914
9556.590683845392,0.009172605314626865
9578.34489593657,0.009252948730678237
9600.09910802775,0.009304589434489304
9621.85332011893,0.009448952758173892
9643.60753221011,0.009534345708764708
9665.361744301288,0.009596659610813858
9687.115956392468,0.009767281279561574
9708.870168483647,0.0098621168594424
9730.624380574827,0.009988494164455622
9752.378592666006,0.010057823341020511
9774.132804757186,0.010242909914086915
9795.887016848365,0.01025771973393405
9817.641228939545,0.010390794158908258
9839.395441030723,0.010492614362205159
9861.149653121904,0.01067534077854253
9882.903865213082,0.010746772320437518
9904.658077304262,0.010863376087889115
9926.41228939544,0.010987799196211998
9948.166501486621,0.011116802456816528
9969.9207135778,0.011264009303115875
9991.67492566898,0.011285271306125918
10013.429137760158,0.011477337874796316
10035.183349851339,0.011568047673900812
10056.937561942517,0.011761929622843226
10078.691774033698,0.01188896018365761
10100.445986124876,0.011850095238623697
10122.200198216056,0.012074117399417028
10143.954410307235,0.012138056477035893
10165.708622398415,0.012306914853012677
10187.462834489594,0.012504076030613896
10209.217046580774,0.012591693704492101
10230.971258671952,0.01277733595063071
10252.725470763133,0.01286547147899901
10274.479682854311,0.01300736383327598
10296.233894945492,0.013156879874362462
10317.98810703667,0.013365218663445241
10339.74231912785,0.013447251147687916
10361.496531219029,0.013627802457306534
10383.25074331021,0.013728975142898102
10405.004955401388,0.013903306049233757
10426.759167492568,0.014146947576809635
10448.513379583746,0.01422861670297661
10470.267591674927,0.014448679241324862
10492.021803766105,0.014532364909939813
10513.776015857286,0.014670657068263338
10535.530227948464,0.014904546684858584
10557.284440039644,0.015086925607839391
10579.038652130823,0.015193985783121491
10600.792864222003,0.015398139913629828
10622.547076313182,0.015589341583726012
10644.301288404362,0.015689393278938483
10666.05550049554,0.01593956539360606
10687.80971258672,0.01603257356849938
10709.5639246779,0.016213771932925447
10731.31813676908,0.016373230342665555
10753.072348860258,0.01658856230211226
10774.826560951438,0.0168021017840272
10796.580773042617,0.01695403611586905
10818.334985133797,0.017162518195407223
10840.089197224976,0.017289732229684992
10861.843409316156,0.01749098149726767
10883.597621407334,0.017726126941160637
10905.351833498515,0.017864812954139348
10927.106045589693,0.018079422489777956
10948.860257680873,0.018278902409491277
10970.614469772052,0.018445131396541716
10992.368681863232,0.01863384956960209
11014.12289395441,0.01884850458737016
11035.877106045591,0.017962262813970988
11057.63131813677,0.018983715181092056
11079.38553022795,0.01917445382275292
11101.139742319128,0.01941154550876063
11122.893954410309,0.01964835505222562
11144.648166501487,0.01968629646216154
11166.402378592667,0.019968485320315834
11188.156590683846,0.0201413270649415
11209.910802775024,0.02034478610982256
11231.665014866205,0.02054388833672657
11253.419226957383,0.020726242639503623
11275.173439048564,0.02088410671363037
11296.927651139742,0.021162690320349963
11318.681863230922,0.02142799601526433
11340.4360753221,0.021467490738449734
11362.190287413281,0.02176655104260962
11383.94449950446,0.02202878611340357
11405.69871159564,0.022239478807880818
11427.452923686818,0.022421316635108206
11449.207135777999,0.022517534662813355
11470.961347869177,0.022416038717845154
11492.715559960357,0.02254206931267074
11514.469772051536,0.0226478875073462
11536.223984142716,0.02291550127372214
11557.978196233895,0.02344442581635763
11579.732408325075,0.023680296922548288
11601.486620416254,0.02383854167994001
11623.240832507434,0.023867842783434724
11644.995044598612,0.023754236717423736
11666.749256689793,0.02371135815211775
11688.503468780971,0.02366095221688768
11710.257680872151,0.023529173214816217
11732.01189296333,0.02461940811480345
11753.76610505451,0.02473266306166857
11775.520317145689,0.024854966368599355
11797.274529236869,0.024436406955943606
11819.028741328048,0.02434861524439203
11840.782953419228,0.0250920944681018
11862.537165510406,0.025019402565665913
11884.291377601587,0.024808906728682203
11906.045589692765,0.02485855558544241
11927.799801783945,0.024596984814378244
11949.554013875124,0.024826291464416287
11971.308225966304,0.025497600278438167
11993.062438057483,0.025510472988524928
12014.816650148663,0.02544960274157522
12036.570862239842,0.025132123366376824
12058.325074331022,0.024610653005322797
12080.0792864222,0.02563675045365705
12101.83349851338,0.025061723437264587
12123.58771060456,0.025096610258688604
12145.34192269574,0.025069418186905095
12167.096134786918,0.025469812509849477
12188.850346878098,0.025113239043904893
12210.604558969277,0.024737552524194507
12232.358771060457,0.02489870631541215
12254.112983151635,0.024577721717179767
12275.867195242816,0.025306294708330773
12297.621407333994,0.0250430278408132
12319.375619425175,0.025039023948629988
12341.129831516353,0.024842266113111744
12362.884043607533,0.025123048275867678
12384.638255698712,0.02483065067765404
12406.392467789892,0.02489125109525323
12428.14667988107,0.024557050491608026
12449.900891972251,0.02508053192678052
12471.65510406343,0.02470525149865206
12493.40931615461,0.024858604835346975
12515.163528245788,0.024635213752481896
12536.917740336969,0.024632760110354278
12558.671952428147,0.024490047667403547
12580.426164519327,0.024866927107155178
12602.180376610506,0.02464919496964333
12623.934588701686,0.02468130957629139
12645.688800792865,0.024757925572388595
12667.443012884045,0.024619379926549837
12689.197224975223,0.024596457514881872
12710.951437066404,0.024749598208600336
12732.705649157582,0.02465716411530653
12754.459861248763,0.024799100685956983
12776.214073339941,0.024737121517408325
12797.968285431121,0.024742435872282365
12819.7224975223,0.024773718627515328
12841.47670961348,0.024800649956608575
12863.230921704659,0.02479431405139243
12884.985133795839,0.024776147857390764
12906.739345887017,0.0249247888697402
12928.493557978198,0.024852728411008017
12950.247770069376,0.02490467687747739
12972.001982160557,0.02493955689248919
12993.756194251735,0.024939182452448475
13015.510406342915,0.024956783224690256
13037.264618434094,0.02504271240209712
13059.018830525272,0.02505012100435908
13080.773042616453,0.025134241843058347
13102.527254707631,0.025159182375307926
13124.281466798811,0.02515712318822206
13146.03567888999,0.025189551751872246
13167.78989098117,0.025194015249706426
13189.544103072349,0.02522930258111716
13211.298315163529,0.0251778338254696
13233.052527254707,0.024871302269533314
13254.806739345888,0.024931904665985306
13276.560951437066,0.02505723888168547
13298.315163528247,0.0251683495529433
13320.069375619425,0.025214054422796665
13341.823587710605,0.025268471309748557
13363.577799801784,0.025313019505269495
13385.332011892964,0.02529440296574412
13407.086223984143,0.025303096650327407
13428.840436075323,0.025264100986320672
13450.594648166501,0.02530877787345926
13472.348860257682,0.02524374423465061
13494.10307234886,0.025190931771553234
13515.85728444004,0.025215126118679657
13537.611496531219,0.025129640254813675
13559.3657086224,0.02515767594090428
13581.119920713578,0.025040125974547734
13602.874132804758,0.024966407089720897
13624.628344895937,0.02499266615607471
13646.382556987117,0.024870238107033735
13668.136769078295,0.024828668597143787
13689.890981169476,0.024767214530211447
13711.645193260654,0.024669178122979127
13733.399405351835,0.024557654760883868
13755.153617443013,0.024519454247602435
13776.907829534193,0.024388415937704893
13798.662041625372,0.024337347431945988
13820.416253716552,0.024201708543799817
13842.17046580773,0.02407239663318848
13863.92467789891,0.023940781614862284
13885.67888999009,0.02378114899393673
13907.43310208127,0.023701166509882375
13929.187314172448,0.023736807564018376
13950.941526263628,0.023666921098864147
13972.695738354807,0.02368530540087947
13994.449950445987,0.02355073542458027
14016.204162537166,0.023457775295893022
14037.958374628346,0.023295519314959476
14059.712586719525,0.023189928592556988
14081.466798810705,0.022993618053896606
14103.221010901883,0.022849276822397423
14124.975222993064,0.022682031284719916
14146.729435084242,0.022531340067786048
14168.483647175422,0.02233269484863806
14190.237859266601,0.022176811129568336
14211.992071357781,0.022029148506857204
14233.74628344896,0.021912149981680253
14255.50049554014,0.021679124120325712
14277.254707631319,0.02149965154509424
14299.008919722499,0.02130609495866725
14320.763131813677,0.021139707832019485
14342.517343904858,0.0209298710829035
14364.271555996036,0.02079578935929543
14386.025768087216,0.020700003798166847
14407.779980178395,0.02056814512076308
14429.534192269575,0.020399669225268334
14451.288404360754,0.020223925233958315
14473.042616451934,0.020121743742817343
14494.796828543112,0.01995301357582468
14516.551040634293,0.019812736520107063
14538.305252725471,0.019697195422985602
14560.059464816652,0.019524388478796718
14581.81367690783,0.019419007081963847
14603.56788899901,0.019281901721312295
14625.322101090189,0.019173638359303354
14647.07631318137,0.01902246580129779
14668.830525272548,0.018902458396408917
14690.584737363728,0.01878700219445572
14712.338949454906,0.01864853740091198
14734.093161546087,0.018543308263716723
14755.847373637265,0.01840500328589142
14777.601585728446,0.018296974218827686
14799.355797819624,0.018185768726619454
14821.110009910804,0.01806660408972627
14842.864222001983,0.01795997069329374
14864.618434093163,0.017848152421941103
14886.372646184342,0.01774632568043633
14908.12685827552,0.017624323041978803
14929.8810703667,0.017507309643694888
14951.635282457879,0.01742680642475726
14973.38949454906,0.01732121143204493
14995.143706640238,0.01722491012858253
15016.897918731418,0.017125621181083187
15038.652130822597,0.01704791062421765
15060.406342913777,0.01693038982037546
15082.160555004955,0.016816066070380192
15103.914767096136,0.01674430566593542
15125.668979187314,0.016632438396495506
15147.423191278494,0.016539960464825695
15169.177403369673,0.016450705485173394
15190.931615460853,0.016385749555012364
15212.685827552032,0.016298149931685896
15234.440039643212,0.016218478863315292
15256.19425173439,0.016126734687585364
15277.94846382557,0.016025878502829757
15299.70267591675,0.01596220900688404
15321.45688800793,0.015886051919626883
15343.211100099108,0.015803026101297753
15364.965312190288,0.01573746011082303
15386.719524281467,0.01567443068688072
15408.473736372647,0.015613426916038932
15430.227948463826,0.01565251544471961
15451.982160555006,0.01554234059773302
15473.736372646184,0.015465321386691258
15495.490584737365,0.015414354280375842
15517.244796828543,0.01532264149418386
15538.999008919724,0.015275738804810358
15560.753221010902,0.015204809985410045
15582.507433102082,0.015141718512710504
15604.26164519326,0.015071955896824075
15626.015857284441,0.015017655503295346
15647.77006937562,0.01495460172871792
15669.5242814668,0.014891669718196276
15691.278493557978,0.01485098550613019
15713.032705649159,0.014816715967517938
15734.786917740337,0.014759329206175632
15756.541129831518,0.014697130889701229
15778.295341922696,0.014632897958170077
15800.049554013876,0.014580767560115105
15821.803766105055,0.014550138760910599
15843.557978196235,0.014483819022096106
15865.312190287414,0.014439051655610524
15887.066402378594,0.014418959257352522
15908.820614469772,0.014347185515966398
15930.574826560953,0.014296663129744541
15952.329038652131,0.014308236109655514
15974.083250743312,0.0142554202845195
15995.83746283449,0.014229345765570108
16017.59167492567,0.01413522417333595
16039.345887016849,0.014127555282817655
16061.10009910803,0.0141185414518317
16082.854311199208,0.014078443053019925
16104.608523290388,0.0140478492699404
16126.362735381566,0.014057720903014756
16148.116947472747,0.014018168700238023
16169.871159563925,0.013998619692613698
16191.625371655105,0.013995651959232374
16213.379583746284,0.013971639026838942
16235.133795837464,0.013931393292107578
16256.888007928643,0.013899628835546544
16278.642220019823,0.013904411457657494
16300.396432111002,0.01388550802638481
16322.150644202182,0.013871662335005131
16343.90485629336,0.01381042261067003
16365.65906838454,0.01380798574507868
16387.413280475717,0.013779695097450051
16409.1674925669,0.01377672294674481
16430.921704658078,0.013762406828402947
16452.675916749256,0.013752488622880478
16474.43012884044,0.013705479477450032
16496.184340931617,0.013698915214551698
16517.938553022796,0.013683396500568124
16539.692765113974,0.013674179610703708
16561.446977205156,0.01363883984896329
16583.201189296335,0.013615057144211514
16604.955401387513,0.013608647814795599
16626.70961347869,0.013590886554483964
16648.463825569874,0.013562129644851505
16670.218037661052,0.013557696887494019
16691.97224975223,0.013525622061460242
16713.72646184341,0.01350713850707847
16735.48067393459,0.013492521521358452
16757.23488602577,0.013470294743431562
16778.98909811695,0.013472511651550091
16800.743310208127,0.013433428026688645
16822.497522299305,0.013433748627140082
16844.251734390487,0.013417996186968045
16866.005946481666,0.013391278766949854
16887.760158572844,0.013361195156276253
16909.514370664023,0.013356145341446761
16931.268582755205,0.013322280223463623
16953.022794846383,0.013309158815522864
16974.777006937562,0.01327700297892898
16996.53121902874,0.013275826439947645
17018.285431119923,0.013247656139412511
17040.0396432111,0.01321481816604012
17061.79385530228,0.013201036884962674
17083.548067393458,0.013178936432067802
17105.30227948464,0.013164401193340204
17127.05649157582,0.013126629193171261
17148.810703666997,0.01311401233099199
17170.564915758176,0.01307569086847995
17192.319127849358,0.013085265589233296
17214.073339940536,0.013030013388346768
17235.827552031715,0.013035291635688171
17257.581764122893,0.012990857801662098
17279.335976214075,0.012978643998394017
17301.090188305254,0.012953914632670465
17322.844400396432,0.012937162314663636
17344.59861248761,0.01290471057136114
17366.352824578793,0.012876453650877404
17388.10703666997,0.012852586557795167
17409.86124876115,0.012813140180984714
17431.61546085233,0.01279039783494028
17453.36967294351,0.012771442757936865
17475.12388503469,0.01274459126454709
17496.878097125867,0.01271007473423996
17518.632309217046,0.012680707408260352
17540.386521308228,0.01266700907236432
17562.140733399407,0.012622406163664437
17583.894945490585,0.01261225555221353
17605.649157581764,0.01258196735214684
17627.403369672946,0.012604389702385475
17649.157581764124,0.01257887314748984
17670.911793855303,0.012548729880579987
17692.66600594648,0.012515202341550255
17714.420218037663,0.012486112524651137
17736.17443012884,0.012468875388724519
17757.92864222002,0.012429986549797068
17779.6828543112,0.012394296784375666
17801.43706640238,0.012371926926632448
17823.19127849356,0.012339193658678228
17844.945490584738,0.012314107822955953
17866.699702675916,0.01226595390585934
17888.4539147671,0.012231746094457815
17910.208126858277,0.012214054331538117
17931.962338949455,0.012191112133924657
17953.716551040634,0.012157050647928139
17975.470763131816,0.012125209992538728
17997.224975222995,0.012102313334613427
18018.979187314173,0.012073083904756232
18040.73339940535,0.012052465600588206
18062.487611496534,0.01200896524211162
18084.241823587712,0.011991885061160067
18105.99603567889,0.011952329172275377
18127.75024777007,0.011918268960445557
18149.50445986125,0.011882423169474356
18171.25867195243,0.011831969467331676
18193.01288404361,0.011811451601724912
18214.767096134787,0.01169804425374964
18236.52130822597,0.011562449849026157
18258.275520317147,0.011483099707620847
18280.029732408326,0.011409752559685597
18301.783944499504,0.011368800680882746
18323.538156590686,0.011329947304867971
18345.292368681865,0.011308847572478683
18367.046580773043,0.011263257325039546
18388.800792864222,0.011202750073129767
18410.555004955404,0.01118475062434836
18432.309217046582,0.01121539621034879
18454.06342913776,0.01120159075737174
18475.81764122894,0.011188303556912013
18497.57185332012,0.01120661205495702
18519.3260654113,0.011189286710741887
18541.08027750248,0.011186499457106319
18562.834489593657,0.01117022923713654
18584.58870168484,0.011159027727264592
18606.342913776018,0.011149303050266103
18628.097125867196,0.011123827070647808
18649.851337958375,0.01110736851082096
18671.605550049553,0.011106550153608995
18693.359762140735,0.011084759456838249
18715.113974231914,0.011031559362545124
18736.868186323092,0.01104811662136321
18758.62239841427,0.011008125732844124
18780.376610505453,0.010985714980352668
18802.13082259663,0.01096391237036579
18823.88503468781,0.010931020952991446
18845.63924677899,0.01090864149744935
18867.39345887017,0.010887864659924827
18889.14767096135,0.01085186936368131
18910.901883052527,0.010819480267595574
18932.656095143706,0.010825741497552074
18954.410307234888,0.010801103068073187
18976.164519326067,0.010782703784543188
18997.918731417245,0.010751431696809964
19019.672943508423,0.010726175388695872
19041.427155599606,0.010703918465576705
19063.181367690784,0.01067498116809791
19084.935579781963,0.010670795665326227
19106.68979187314,0.010631382461737936
19128.444003964323,0.010630048841125096
19150.1982160555,0.010593789312400357
19171.95242814668,0.010578211389023477
19193.70664023786,0.010555840999651756
19215.46085232904,0.01053677029147376
19237.21506442022,0.010504734340704576
19258.969276511398,0.010493617162222805
19280.723488602576,0.010466632421227612
19302.47770069376,0.010423904030467857
19324.231912784937,0.010407825526072821
19345.986124876115,0.01039618889648096
19367.740336967294,0.0103826069562266
19389.494549058476,0.01035147634437185
19411.248761149654,0.010329546131617304
19433.002973240833,0.010299144556503954
19454.75718533201,0.010283783345548319
19476.511397423194,0.01028505484214941
19498.265609514372,0.01026237156648579
19520.01982160555,0.010233066629660387
19541.77403369673,0.01021317665773059
19563.52824578791,0.010197456417067935
19585.28245787909,0.010155303238728866
19607.036669970268,0.010140606760907604
19628.790882061447,0.010133028351100673
19650.54509415263,0.010088556575126344
19672.299306243807,0.010076987679969942
19694.053518334986,0.010064999738266514
19715.807730426164,0.010040754801778002
19737.561942517346,0.010025399233248768
19759.316154608525,0.009993409165253066
19781.070366699703,0.009972115499476178
19802.82457879088,0.009944511004360647
19824.578790882064,0.009953983574981928
19846.333002973242,0.009930218420846189
19868.08721506442,0.009906758395574054
19889.8414271556,0.009902161587606718
19911.59563924678,0.00986906681883115
19933.34985133796,0.009843883386580167
19955.10406342914,0.009852473260923067
19976.858275520317,0.009816775040510452
19998.6124876115,0.009785943167246885
20020.366699702678,0.00977819606628692
20042.120911793856,0.009764002072462398
20063.875123885035,0.009738559336162305
20085.629335976217,0.009722418597793967
20107.383548067395,0.00969340934455267
20129.137760158574,0.009657114842603974
20150.891972249752,0.009664729509211729
20172.646184340934,0.009634814774346469
20194.400396432113,0.009637260936084382
20216.15460852329,0.00959229158646801
20237.90882061447,0.009569109217853249
20259.663032705652,0.009544119801974197
20281.41724479683,0.00957631048919285
20303.17145688801,0.009511685277108363
20324.925668979187,0.009512326208361233
20346.67988107037,0.009478431468877538
20368.434093161548,0.009473988896219164
20390.188305252726,0.009449158615836756
20411.942517343905,0.00943097519518793
20433.696729435087,0.009403996274605015
20455.450941526266,0.009408254825922871
20477.205153617444,0.009380669012162245
20498.959365708622,0.009357773235290807
20520.7135777998,0.009342186665824924
20542.467789890983,0.00934658594451541
20564.22200198216,0.00931785229129916
20585.97621407334,0.009272528231748772
20607.73042616452,0.009267417206158035
20629.4846382557,0.009261583964296227
20651.23885034688,0.009248074277082446
20672.993062438058,0.009237875878253886
20694.747274529236,0.009216345860319317
20716.50148662042,0.009198443669762456
20738.255698711597,0.009180282921432978
20760.009910802775,0.009166026639325515
20781.764122893954,0.00916760867444068
20803.518334985136,0.009154145123030604
20825.272547076314,0.009111521996258254
20847.026759167493,0.00909528160308525
20868.78097125867,0.009097800861445859
20890.535183349853,0.009087631196010377
20912.289395441032,0.009065070226469567
20934.04360753221,0.0090432114491493
20955.79781962339,0.009022836047718034
20977.55203171457,0.009034546145253175
20999.30624380575,0.009001850855447727
21021.060455896928,0.008995790362485387
21042.814667988107,0.00895803351612674
21064.56888007929,0.008956001171096673
21086.323092170467,0.00894752228967394
21108.077304261646,0.008931611067492863
21129.831516352824,0.00892427586700372
21151.585728444006,0.008906118599530326
21173.339940535185,0.008885373989579618
21195.094152626363,0.008888882057624682
21216.84836471754,0.008863891510447993
21238.602576808724,0.008851341264873363
21260.356788899902,0.00884116331113785
21282.11100099108,0.008827294013104186
21303.86521308226,0.008814356904169754
21325.61942517344,0.008804437374658417
21347.37363726462,0.008771662155685887
21369.1278493558,0.008746654650133672
21390.882061446977,0.008749621841486923
21412.63627353816,0.008749959902992585
21434.390485629337,0.008723557545110252
21456.144697720516,0.008731169975788811
21477.898909811694,0.008687892421524164
21499.653121902877,0.008681173530125982
21521.407333994055,0.008679334868491997
21543.161546085234,0.008669427541288294
21564.915758176412,0.008658415720484031
21586.669970267594,0.008649895291141968
21608.424182358773,0.00862861986371152
21630.17839444995,0.008614639659099213
21651.93260654113,0.008616335447806394
21673.68681863231,0.008604159796223278
21695.44103072349,0.008576196122830039
21717.19524281467,0.008578384444699655
21738.949454905847,0.008568325886782436
21760.70366699703,0.008539688539908349
21782.457879088208,0.008543347051593129
21804.212091179386,0.008516762506970005
21825.966303270565,0.008507582298561677
21847.720515361747,0.008506209718881143
21869.474727452925,0.00846916113264047
21891.228939544104,0.008471109257282661
21912.983151635282,0.008465073640397053
21934.737363726465,0.008443933874344707
21956.491575817643,0.00843888689438696
21978.24578790882,0.008432715838005452
22000.0,0.008419894852690027
