50.0,0.0008165467967299854
71.75421209117938,0.0014756973735915505
93.50842418235877,0.002140035059817946
115.26263627353816,0.002759507720058054
137.01684836471753,0.0033865933795265415
158.77106045589693,0.003945653529001882
180.52527254707633,0.0045243052316359025
202.2794846382557,0.0050587148558713015
224.0336967294351,0.005538418091166557
245.7879088206145,0.0059938173768733565
267.54212091179386,0.006456883395208636
289.29633300297326,0.006861390133236923
311.05054509415265,0.007301344450287564
332.80475718533205,0.007624781471410181
354.5589692765114,0.007962167995662048
376.3131813676908,0.00831306206458246
398.0673934588702,0.008665869023797729
419.8216055500496,0.00896241679558282
441.575817641229,0.009129718550326071
463.3300297324083,0.009418054344509433
485.0842418235877,0.009605535540745034
506.8384539147671,0.009814099405668256
528.5926660059465,0.010065970991598427
550.3468780971259,0.010110368837257968
572.1010901883053,0.010308913621793375
593.8553022794847,0.010435897718773263
615.6095143706641,0.010564122980192013
637.3637264618434,0.010618112917242687
659.1179385530228,0.010756316982967962
680.8721506442022,0.010822302039163617
702.6263627353816,0.010844398971654491
724.380574826561,0.01099855115310485
746.1347869177404,0.010962253744147369
767.8889990089198,0.010992709131599226
789.6432111000992,0.011018964970900172
811.3974231912786,0.011025320964146169
833.151635282458,0.01101917941527249
854.9058473736374,0.011011292569096737
876.6600594648166,0.011011935724087206
898.414271555996,0.010972696076536158
920.1684836471754,0.01093304827972373
941.9226957383548,0.01095993243218333
963.6769078295342,0.010903835494409294
985.4311199207136,0.010874524375079997
1007.185332011893,0.010830092271393166
1028.9395441030724,0.010815067909881335
1050.6937561942518,0.010769779121362377
1072.4479682854312,0.010652525295910308
1094.2021803766106,0.01064142379366314
1115.95639246779,0.010579480125135828
1137.7106045589694,0.010532633111209087
1159.4648166501488,0.010456261193180858
1181.2190287413282,0.010374100944804808
1202.9732408325076,0.01032379520821219
1224.7274529236868,0.010240339423718386
1246.4816650148662,0.010180847758452828
1268.2358771060456,0.010058298370483248
1289.990089197225,0.01003760924446733
1311.7443012884044,0.009967920113825402
1333.4985133795838,0.009855138193778309
1355.2527254707632,0.009808684758283344
1377.0069375619426,0.009733477407697672
1398.761149653122,0.009649130019756704
1420.5153617443013,0.00959687161597924
1442.2695738354807,0.00948396235173216
1464.0237859266601,0.009394081270200935
1485.7779980178395,0.00932341437276543
1507.532210109019,0.009242465563313396
1529.2864222001983,0.009192701455584915
1551.0406342913777,0.009115267788199368
1572.7948463825571,0.00897966820580293
1594.5490584737365,0.008940301566488907
1616.303270564916,0.008862594509681744
1638.0574826560953,0.008785573135849135
1659.8116947472747,0.008681753250211676
1681.5659068384539,0.008628309605735818
1703.3201189296333,0.00851587229435253
1725.0743310208127,0.008481587978884614
1746.828543111992,0.00842282976048608
1768.5827552031715,0.008315543017274638
1790.3369672943509,0.008269440202927946
1812.0911793855303,0.008161737530995285
1833.8453914767097,0.00809861283461489
1855.599603567889,0.00804848360836257
1877.3538156590685,0.007952498253882298
1899.1080277502479,0.00786230476276524
1920.8622398414273,0.007816148521936428
1942.6164519326067,0.007733907120482505
1964.370664023786,0.007649418388735186
1986.1248761149654,0.007566122644799316
2007.8790882061448,0.0075062221445263
2029.6333002973242,0.0074244877560849945
2051.3875123885036,0.007366747896791501
2073.141724479683,0.007300674886772181
2094.8959365708624,0.007241165583497728
2116.650148662042,0.007182818859982062
2138.404360753221,0.007088909782106272
2160.1585728444006,0.007034248790125994
2181.91278493558,0.006972371298384575
2203.6669970267594,0.006894841208606403
2225.421209117939,0.006864954590922288
2247.175421209118,0.006874281746023507
2268.9296333002976,0.006822798640595515
2290.683845391477,0.006773236977373005
2312.4380574826564,0.006708777877023505
2334.192269573836,0.0066678840663433854
2355.946481665015,0.006574617961322848
2377.700693756194,0.006535888148438971
2399.4549058473735,0.0064812374159947264
2421.209117938553,0.006424469003661703
2442.9633300297323,0.006366905676786645
2464.7175421209117,0.006269947933231503
2486.471754212091,0.006227526377537231
2508.2259663032705,0.006182143851691014
2529.98017839445,0.006119450766923858
2551.7343904856293,0.0060359184681366435
2573.4886025768087,0.005997803363275258
2595.242814667988,0.005937105926335575
2616.9970267591675,0.005895612042837453
2638.751238850347,0.005837929370053221
2660.5054509415263,0.005767976161622897
2682.2596630327057,0.0057305144034044625
2704.013875123885,0.005656847039619155
2725.7680872150645,0.0056267191560811
2747.522299306244,0.0055575377288026575
2769.2765113974233,0.005516784705838447
2791.0307234886027,0.005447939637801524
2812.784935579782,0.005399693939860758
2834.5391476709615,0.005354971332031293
2856.293359762141,0.005296404352836082
2878.0475718533203,0.005247771251772508
2899.8017839444997,0.005185361837224669
2921.555996035679,0.00516482266480312
2943.3102081268585,0.005092817856727256
2965.064420218038,0.0050496024657061865
2986.8186323092173,0.005017458072653622
3008.5728444003967,0.004962711052193347
3030.327056491576,0.004917021665196321
3052.0812685827555,0.004857801954498557
3073.835480673935,0.004812280826595639
3095.5896927651143,0.004773040544128344
3117.3439048562936,0.00471456777348274
3139.098116947473,0.004651229827199254
3160.8523290386524,0.004622080602324672
3182.606541129832,0.00457727662030437
3204.3607532210112,0.004520243691104496
3226.1149653121906,0.00448225238950296
3247.86917740337,0.0044364901279102375
3269.6233894945494,0.004387574495761639
3291.377601585729,0.004341057309255661
3313.1318136769078,0.004282555226743141
3334.886025768087,0.004228279521880856
3356.6402378592666,0.004224150128392929
3378.394449950446,0.004176076221455375
3400.1486620416254,0.004113192057471302
3421.9028741328048,0.004076125588787593
3443.657086223984,0.004035320264120309
3465.4112983151635,0.003993860172776834
3487.165510406343,0.003968341308511152
3508.9197224975223,0.003914632725369265
3530.6739345887017,0.003859077129533692
3552.428146679881,0.0038325779242368964
3574.1823587710605,0.003794079335254997
3595.93657086224,0.0037860723509966104
3617.6907829534193,0.0037230437625213326
3639.4449950445987,0.0036951018522970377
3661.199207135778,0.003636022202818074
3682.9534192269575,0.0036106889173643858
3704.707631318137,0.0035797339754212185
3726.4618434093163,0.003541018677553678
3748.2160555004957,0.003502440995991938
3769.970267591675,0.003479907676808826
3791.7244796828545,0.003436531265810483
3813.478691774034,0.003403494565470173
3835.2329038652133,0.0033636452676300455
3856.9871159563927,0.0033146777666494217
3878.741328047572,0.003297483645487874
3900.4955401387515,0.0032557717979029184
3922.249752229931,0.003236653843152524
3944.0039643211103,0.0031894804972046778
3965.7581764122897,0.0031495981276756565
3987.512388503469,0.003112533612547341
4009.2666005946485,0.003096833254453491
4031.020812685828,0.0030640209686779232
4052.7750247770073,0.0030333956590001578
4074.5292368681867,0.003012649824294387
4096.283448959366,0.002953730634117641
4118.0376610505455,0.0029391955697831676
4139.791873141725,0.002893278187966895
4161.546085232904,0.002873926068562829
4183.300297324084,0.0028217669740878675
4205.054509415263,0.002804642703986552
4226.808721506442,0.00276736761268972
4248.562933597622,0.0027566082155077824
4270.317145688801,0.0026942389347689635
4292.071357779981,0.0026625907944905843
4313.82556987116,0.002650543934854882
4335.579781962339,0.002611344817293189
4357.333994053519,0.0025858037674707647
4379.088206144698,0.0025504117741811812
4400.842418235878,0.00252493390446562
4422.596630327057,0.002493465973003241
4444.350842418236,0.002487343035015878
4466.105054509416,0.0024695597880760043
4487.859266600595,0.0024324030160620996
4509.613478691775,0.00241375073629445
4531.367690782954,0.002378571957335115
4553.121902874133,0.0023600689191116855
4574.876114965313,0.0023270345113824593
4596.630327056492,0.002285355296912058
4618.384539147672,0.0022569196879988884
4640.138751238851,0.002253998909620411
4661.89296333003,0.002203876593170543
4683.64717542121,0.002189307094360451
4705.401387512388,0.002164633304583481
4727.155599603568,0.0021132392720905977
4748.909811694747,0.002122838527994534
4770.6640237859265,0.0020729939371192095
4792.418235877106,0.0020515398865225604
4814.172447968285,0.0020271202031919566
4835.926660059465,0.0020102569314037946
4857.680872150644,0.0019716664154415166
4879.4350842418235,0.0019587392021752155
4901.189296333003,0.0019220062440026046
4922.943508424182,0.0018779044459995829
4944.697720515362,0.0018817451344876647
4966.451932606541,0.0018608160084363527
4988.20614469772,0.001832215423667479
5009.9603567889,0.0018144181148726443
5031.714568880079,0.0018006757845633954
5053.468780971259,0.001743941208017346
5075.222993062438,0.0017409273194631074
5096.977205153617,0.001719614069764783
5118.731417244797,0.0017022248694317681
5140.485629335976,0.0016865900232080706
5162.239841427156,0.001657683528602791
5183.994053518335,0.0016346751535965792
5205.748265609514,0.0016138245505918543
5227.502477700694,0.0015977974704029295
5249.256689791873,0.0015800399108190275
5271.010901883053,0.0015663178140147675
5292.765113974232,0.0015472401678579186
5314.519326065411,0.0015388720352157291
5336.273538156591,0.0015241995536444694
5358.02775024777,0.0015005196152083453
5379.78196233895,0.001486095491508537
5401.536174430129,0.0014972456622695555
5423.290386521308,0.0014789594939973846
5445.044598612488,0.0014715517958162397
5466.798810703667,0.001447871358667613
5488.553022794847,0.0014407516415152891
5510.307234886026,0.0014174591893102249
5532.061446977205,0.0014084342658214476
5553.815659068385,0.001414623911917581
5575.569871159564,0.0013947217503692268
5597.324083250744,0.0014036560299093934
5619.078295341923,0.0013973726051765866
5640.832507433102,0.0013803185808131397
5662.586719524282,0.001394481329321049
5684.340931615461,0.0013807058003101169
5706.095143706641,0.001366097343386993
5727.84935579782,0.0013611599281366609
5749.603567888999,0.0013711799591581697
5771.357779980179,0.0013562652181136991
5793.111992071358,0.0013784520283165462
5814.8662041625375,0.0013712792054534336
5836.620416253717,0.0013827315305600723
5858.374628344896,0.0013645297316870746
5880.128840436076,0.0013639261689406064
5901.883052527255,0.0013815692563288315
5923.6372646184345,0.0013705008743295278
5945.391476709614,0.0013919183114022892
5967.145688800793,0.001393439193624537
5988.899900891973,0.0013961334664658676
6010.654112983152,0.00139096949090805
6032.4083250743315,0.0014284494942394708
6054.162537165511,0.0014244962219030278
6075.91674925669,0.0014335502994415649
6097.67096134787,0.001421734929269166
6119.425173439049,0.0014440701309874114
6141.1793855302285,0.0014529066478108634
6162.933597621408,0.0014793377526886818
6184.687809712587,0.00148805699882901
6206.442021803767,0.001487281224581619
6228.196233894946,0.0015092378457927033
6249.9504459861255,0.0015092372797068723
6271.704658077305,0.0015344634417521978
6293.458870168484,0.0015401007937209826
6315.213082259664,0.001550647958544105
6336.967294350843,0.001576282850562043
6358.7215064420225,0.0016042415939767302
6380.475718533202,0.0015996563602639787
6402.229930624381,0.0016440455504325296
6423.984142715561,0.0016714545796177053
6445.73835480674,0.0016723755951268842
6467.4925668979195,0.0016910167890574002
6489.246778989099,0.0017293675666971437
6511.000991080278,0.0017548658945167293
6532.755203171458,0.0017636878955013555
6554.509415262636,0.0017837777995493161
6576.2636273538155,0.0018322290107857697
6598.017839444995,0.001849930925216669
6619.772051536174,0.0018772087519559459
6641.526263627354,0.0018671891219533708
6663.280475718533,0.0019079171954518887
6685.0346878097125,0.001922658851457533
6706.788899900892,0.0019615178360598714
6728.543111992071,0.0019843406814123426
6750.297324083251,0.002017346720496504
6772.05153617443,0.002023319178477039
6793.8057482656095,0.002071377126406971
6815.559960356789,0.0020985470005134505
6837.314172447968,0.0021149198672904845
6859.068384539148,0.002151207561855666
6880.822596630327,0.0021774496366981718
6902.5768087215065,0.0021984246176532866
6924.331020812686,0.0022358683136475188
6946.085232903865,0.002270435839383267
6967.839444995045,0.0022997044762286304
6989.593657086224,0.0023272327288902587
7011.3478691774035,0.0023528976552287606
7033.102081268583,0.0023652019393195587
7054.856293359762,0.0024128875928615076
7076.610505450942,0.0024533596552988313
7098.364717542121,0.0024915477780514264
7120.1189296333005,0.002510211966672536
7141.87314172448,0.00254458976570527
7163.627353815659,0.0025983891934446618
7185.381565906839,0.002635547907912129
7207.135777998018,0.0026683730610137704
7228.889990089197,0.0027238273654025874
7250.644202180377,0.0027234359177702346
7272.398414271556,0.0027833036316113626
7294.152626362736,0.002811180035029596
7315.906838453915,0.002854495894046793
7337.661050545094,0.0029065790681761954
7359.415262636274,0.002936962297743878
7381.169474727453,0.0029587911129535654
7402.923686818633,0.0030027792354150843
7424.677898909812,0.0030375085017800363
7446.432111000991,0.0030573718654885607
7468.186323092171,0.0031332033924228414
7489.94053518335,0.003151524809416864
7511.69474727453,0.0031850203089168836
7533.448959365709,0.00323556464390375
7555.203171456888,0.0032997458424595372
7576.957383548068,0.0033240602867291684
7598.711595639247,0.0033651475663801136
7620.465807730427,0.003420826171514858
7642.220019821606,0.0034532113491415493
7663.974231912785,0.003486838574557331
7685.728444003965,0.00352966955526562
7707.482656095144,0.0035715896052616403
7729.236868186324,0.0036356678460867406
7750.991080277503,0.0036583213510927386
7772.745292368682,0.003700474951240989
7794.499504459862,0.0037491414956240315
7816.253716551041,0.0038067877435507226
7838.007928642221,0.0038431919525286533
7859.7621407334,0.003897770225933027
7881.516352824579,0.003934251989158041
7903.270564915759,0.003977454487156453
7925.024777006938,0.004015106239004144
7946.778989098118,0.004070874685957921
7968.533201189297,0.004116662089371194
7990.287413280476,0.004187722878711651
8012.041625371656,0.00425428601924659
8033.795837462835,0.004276126085339627
8055.550049554015,0.004316765236762013
8077.304261645194,0.004393971700488068
8099.058473736373,0.004441541041377981
8120.812685827553,0.004488248564445824
8142.566897918732,0.004527089165676439
8164.3211100099115,0.004595538422322786
8186.075322101091,0.004623137046820589
8207.829534192271,0.004714253318978203
8229.58374628345,0.004763794748279149
8251.337958374628,0.00480534464578442
8273.092170465809,0.004840380257672428
8294.846382556987,0.004937012564791992
8316.600594648167,0.00498119358943617
8338.354806739346,0.005048447314192454
8360.109018830526,0.00507801458076284
8381.863230921705,0.005142429118938345
8403.617443012885,0.005214822150227657
8425.371655104063,0.005250622662730393
8447.125867195244,0.005315283057010699
8468.880079286422,0.005362699929509575
8490.634291377602,0.005451840891936594
8512.388503468781,0.005486485617385686
8534.142715559961,0.005607553396533109
8555.89692765114,0.005617315587621725
8577.65113974232,0.005680972812165624
8599.405351833499,0.005766908636666355
8621.159563924679,0.005812668466770834
8642.913776015857,0.005900198357436468
8664.667988107038,0.005932393040539796
8686.422200198216,0.00599939668231398
8708.176412289396,0.006075676182075293
8729.930624380575,0.006155557778737602
8751.684836471755,0.006253448197212559
8773.439048562934,0.006262946307706781
8795.193260654114,0.006380995999570051
8816.947472745293,0.006405359028320115
8838.701684836473,0.006419326164282743
8860.455896927651,0.006503190113888183
8882.210109018832,0.006533357662411878
8903.96432111001,0.006652886629254552
8925.71853320119,0.006666830451675819
8947.472745292369,0.006775669085139563
8969.22695738355,0.006890815958699956
8990.981169474728,0.006954130715175981
9012.735381565908,0.007016919019603975
9034.489593657087,0.007082236485697791
9056.243805748267,0.007142953629353197
9077.998017839445,0.007241391961255032
9099.752229930626,0.007337216109746598
9121.506442021804,0.007397197472761762
9143.260654112984,0.007462278146587207
9165.014866204163,0.007529234989195782
9186.769078295343,0.007651627112844038
9208.523290386522,0.007729363286283354
9230.277502477702,0.0078017254427339335
9252.03171456888,0.007914375446604236
9273.78592666006,0.007963753585332987
9295.54013875124,0.008058250524536266
9317.29435084242,0.00815799792210074
9339.048562933598,0.008243020847296457
9360.802775024777,0.008321609928399792
9382.556987115957,0.008421783659646572
9404.311199207135,0.008499060995206763
9426.065411298316,0.008627209312084935
9447.819623389494,0.008724236381542226
9469.573835480674,0.008776300339792846
9491.328047571853,0.008875429769560458
9513.082259663033,0.008974175785267971
9534.836471754212,0.009125871046957544
9556.590683845392,0.009163583445303535
9578.34489593657,0.009247552656247219
9600.09910802775,0.009352698848040015
9621.85332011893,0.009531942359740538
9643.60753221011,0.009590641926318854
9665.361744301288,0.009636831685570627
9687.115956392468,0.00973503517257873
9708.870168483647,0.009962728116464937
9730.624380574827,0.00993380331164031
9752.378592666006,0.010134626681675305
9774.132804757186,0.010313848543900817
9795.887016848365,0.010322815793088434
9817.641228939545,0.010483143968388968
9839.395441030723,0.010619939386928534
9861.149653121904,0.010747682513010979
9882.903865213082,0.010743598027338375
9904.658077304262,0.010944044746473034
9926.41228939544,0.011031550913316812
9948.166501486621,0.011128533318515115
9969.9207135778,0.01120539602827535
9991.67492566898,0.011399011133006669
10013.429137760158,0.01147571071082031
10035.183349851339,0.011587715324856836
10056.937561942517,0.011808362725033899
10078.691774033698,0.0118835224758943
10100.445986124876,0.012014119382609864
10122.200198216056,0.012158542096028537
10143.954410307235,0.012254417799029459
10165.708622398415,0.012485738161502669
10187.462834489594,0.012568982000012968
10209.217046580774,0.012658852038577629
10230.971258671952,0.012885068990819917
10252.725470763133,0.012854692238510611
10274.479682854311,0.013121680211467509
10296.233894945492,0.01321366777642018
10317.98810703667,0.013391295749741211
10339.74231912785,0.013615949325899279
10361.496531219029,0.013561767586819389
10383.25074331021,0.013847106693639831
10405.004955401388,0.014008977200052437
10426.759167492568,0.014121231639683311
10448.513379583746,0.014299839051882576
10470.267591674927,0.014453636345408204
10492.021803766105,0.01460596427783818
10513.776015857286,0.014680921246701823
10535.530227948464,0.014951806608548179
10557.284440039644,0.015122021620786984
10579.038652130823,0.015209191390283705
10600.792864222003,0.015475744364049247
10622.547076313182,0.015482087494417153
10644.301288404362,0.01574693784314427
10666.05550049554,0.015951441915735394
10687.80971258672,0.01611194481787413
10709.5639246779,0.016331363996983227
10731.31813676908,0.016434431633847762
10753.072348860258,0.016663100484984688
10774.826560951438,0.01685807872031048
10796.580773042617,0.016965395064332395
10818.334985133797,0.01716055983970698
10840.089197224976,0.01739585064923107
10861.843409316156,0.017580958768128947
10883.597621407334,0.0177605210632261
10905.351833498515,0.017950474975716602
10927.106045589693,0.01809080950401958
10948.860257680873,0.01832028441232903
10970.614469772052,0.018554782593761237
10992.368681863232,0.018691895575370335
11014.12289395441,0.018909020231496845
11035.877106045591,0.018051131325453596
11057.63131813677,0.01905657418995925
11079.38553022795,0.01923445797633895
11101.139742319128,0.01948159648928149
11122.893954410309,0.019714687196131214
11144.648166501487,0.019791287364947865
11166.402378592667,0.020039108437081753
11188.156590683846,0.020173298218898985
11209.910802775024,0.020365459413633664
11231.665014866205,0.020579459123426957
11253.419226957383,0.020713986842338997
11275.173439048564,0.020944512028857824
11296.927651139742,0.021161264594672147
11318.681863230922,0.02123474500638105
11340.4360753221,0.021665235536635023
11362.190287413281,0.021630061321499878
11383.94449950446,0.021939844229277403
11405.69871159564,0.021954934928054445
11427.452923686818,0.022225842752093654
11449.207135777999,0.02243905071383014
11470.961347869177,0.02273987241358124
11492.715559960357,0.02277719616286364
11514.469772051536,0.023078492387862946
11536.223984142716,0.02327111856973517
11557.978196233895,0.02317269581999956
11579.732408325075,0.023659048410914332
11601.486620416254,0.023555383316088446
11623.240832507434,0.023986490547582427
11644.995044598612,0.02372152106625294
11666.749256689793,0.02380865947743102
11688.503468780971,0.024129696658832182
11710.257680872151,0.02455897249914377
11732.01189296333,0.024315607860123854
11753.76610505451,0.024281263884473252
11775.520317145689,0.024328206086204156
11797.274529236869,0.025122786119868255
11819.028741328048,0.024939693666084433
11840.782953419228,0.02485805295771511
11862.537165510406,0.025216613672171866
11884.291377601587,0.025411939612796856
11906.045589692765,0.024912920903557356
11927.799801783945,0.0250429748683301
11949.554013875124,0.02501151208085039
11971.308225966304,0.02558372904852801
11993.062438057483,0.025192497964193806
12014.816650148663,0.02507273337613841
12036.570862239842,0.024904220000780672
12058.325074331022,0.024941701758739155
12080.0792864222,0.025222694906713142
12101.83349851338,0.02564865000785915
12123.58771060456,0.025126429000052058
12145.34192269574,0.02522157951649993
12167.096134786918,0.025629491903200987
12188.850346878098,0.024985023383552518
12210.604558969277,0.02549225013535496
12232.358771060457,0.025158992921624268
12254.112983151635,0.025023948339919284
12275.867195242816,0.025147007943015606
12297.621407333994,0.02498933291822815
12319.375619425175,0.025169390988088704
12341.129831516353,0.02497284872137508
12362.884043607533,0.024952083085335582
12384.638255698712,0.0249815161108547
12406.392467789892,0.024682784868881733
12428.14667988107,0.024853687157782463
12449.900891972251,0.024689638132606093
12471.65510406343,0.024990599599780717
12493.40931615461,0.024720700914478946
12515.163528245788,0.02461617757295068
12536.917740336969,0.024613299726250804
12558.671952428147,0.025026483873928834
12580.426164519327,0.024768840615567316
12602.180376610506,0.02462211659110453
12623.934588701686,0.024614160070514635
12645.688800792865,0.024919304297584734
12667.443012884045,0.02471993345716521
12689.197224975223,0.024615614329918416
12710.951437066404,0.024852424433772433
12732.705649157582,0.024774338309730092
12754.459861248763,0.024755128112085162
12776.214073339941,0.024854712300290845
12797.968285431121,0.02482082774018008
12819.7224975223,0.024801183927322907
12841.47670961348,0.024824754064611577
12863.230921704659,0.024907570540325805
12884.985133795839,0.02492475911894729
12906.739345887017,0.024897078307652285
12928.493557978198,0.02501276433983043
12950.247770069376,0.02489968000300253
12972.001982160557,0.025001735016103442
12993.756194251735,0.025021648136620278
13015.510406342915,0.025040981983515842
13037.264618434094,0.025069014245722866
13059.018830525272,0.025112232221304185
13080.773042616453,0.02515843937062174
13102.527254707631,0.02513231113390022
13124.281466798811,0.025198440185437453
13146.03567888999,0.025142565642567227
13167.78989098117,0.025326764089180283
13189.544103072349,0.025286686238922055
13211.298315163529,0.025358249797279186
13233.052527254707,0.024918658369226483
13254.806739345888,0.025035143547997105
13276.560951437066,0.02513449795168714
13298.315163528247,0.02523743703227608
13320.069375619425,0.025340839882777404
13341.823587710605,0.025432143801919726
13363.577799801784,0.02537232910266024
13385.332011892964,0.02538626668794372
13407.086223984143,0.025394376286651678
13428.840436075323,0.025426560936382195
13450.594648166501,0.02529322332368178
13472.348860257682,0.025436341769450907
13494.10307234886,0.025321616338136888
13515.85728444004,0.025299576731483434
13537.611496531219,0.02523541199030109
13559.3657086224,0.025225357331880513
13581.119920713578,0.025171289309156117
13602.874132804758,0.0251121210597481
13624.628344895937,0.02504305068230035
13646.382556987117,0.024995598843591905
13668.136769078295,0.024899313804400334
13689.890981169476,0.024883735971228636
13711.645193260654,0.024696338190953432
13733.399405351835,0.02459842920957564
13755.153617443013,0.02461052329785283
13776.907829534193,0.024486432810581965
13798.662041625372,0.024365840964456164
13820.416253716552,0.024302919130230465
13842.17046580773,0.024122232855934234
13863.92467789891,0.02404300347367795
13885.67888999009,0.02385881043369189
13907.43310208127,0.02376549451607883
13929.187314172448,0.023656234113985538
13950.941526263628,0.023574423508923564
13972.695738354807,0.02357139928255232
13994.449950445987,0.02356312684302476
14016.204162537166,0.023492785948517662
14037.958374628346,0.023370086730656048
14059.712586719525,0.023253984502818716
14081.466798810705,0.023069109157671543
14103.221010901883,0.02296046138674787
14124.975222993064,0.02275319627972145
14146.729435084242,0.022646209466098646
14168.483647175422,0.022493842990937277
14190.237859266601,0.022305501278099313
14211.992071357781,0.022083038940389366
14233.74628344896,0.022003111666881504
14255.50049554014,0.021764088639311594
14277.254707631319,0.02161681270633305
14299.008919722499,0.02144273238700675
14320.763131813677,0.02132074109590023
14342.517343904858,0.02108811609069108
14364.271555996036,0.020909510952008898
14386.025768087216,0.02079350735841902
14407.779980178395,0.020654727137251586
14429.534192269575,0.020492932606704487
14451.288404360754,0.020362247690094187
14473.042616451934,0.020168100977833336
14494.796828543112,0.02004757884282613
14516.551040634293,0.019880144106050265
14538.305252725471,0.01976788563052278
14560.059464816652,0.01962692795172189
14581.81367690783,0.019506696033722598
14603.56788899901,0.019393709146409824
14625.322101090189,0.019248323968466576
14647.07631318137,0.019110412343233726
14668.830525272548,0.018968263654418265
14690.584737363728,0.018833081428407835
14712.338949454906,0.018741522568272436
14734.093161546087,0.018627340008626703
14755.847373637265,0.018511396578317747
14777.601585728446,0.018387760321514852
14799.355797819624,0.01825097845336663
14821.110009910804,0.018113679955312063
14842.864222001983,0.018021535608000776
14864.618434093163,0.017908209648673342
14886.372646184342,0.017799993187826588
14908.12685827552,0.01768753781302016
14929.8810703667,0.017577326911321557
14951.635282457879,0.017487726976152848
14973.38949454906,0.017346715861622366
14995.143706640238,0.017301423866636557
15016.897918731418,0.017187216558106084
15038.652130822597,0.01706464870930325
15060.406342913777,0.016958971532988462
15082.160555004955,0.016891418613652853
15103.914767096136,0.016785344598720307
15125.668979187314,0.016699715865203007
15147.423191278494,0.016624331745199023
15169.177403369673,0.01652370803814377
15190.931615460853,0.016426879372987736
15212.685827552032,0.016365742620633655
15234.440039643212,0.016245529091956132
15256.19425173439,0.016201715522115367
15277.94846382557,0.01607240805599771
15299.70267591675,0.016064532444380726
15321.45688800793,0.01594108197700862
15343.211100099108,0.015879902835884734
15364.965312190288,0.015803715110526417
15386.719524281467,0.01572291372533555
15408.473736372647,0.015672493287308086
15430.227948463826,0.015688358788932672
15451.982160555006,0.015581853244167332
15473.736372646184,0.015531338206056844
15495.490584737365,0.015429092528176924
15517.244796828543,0.015373973509258626
15538.999008919724,0.01533867199825764
15560.753221010902,0.015254980666472082
15582.507433102082,0.015193167323454975
15604.26164519326,0.015125890911650857
15626.015857284441,0.015067984960564038
15647.77006937562,0.015031455613930742
15669.5242814668,0.014943924763488908
15691.278493557978,0.014882832771594594
15713.032705649159,0.014845551342144388
15734.786917740337,0.014784744338185628
15756.541129831518,0.014737965489011195
15778.295341922696,0.014658409528832144
15800.049554013876,0.014651244062566222
15821.803766105055,0.014575052480413235
15843.557978196235,0.014526861723183298
15865.312190287414,0.014482670340527158
15887.066402378594,0.014453498276918603
15908.820614469772,0.014395338303465777
15930.574826560953,0.014373434262608398
15952.329038652131,0.014340369756383167
15974.083250743312,0.014299670858421638
15995.83746283449,0.014278856978238035
16017.59167492567,0.014198225789337202
16039.345887016849,0.014160140323826773
16061.10009910803,0.014150209320364027
16082.854311199208,0.014116755715871157
16104.608523290388,0.014086933091449679
16126.362735381566,0.014101139535543147
16148.116947472747,0.014052182003024726
16169.871159563925,0.014014065732048248
16191.625371655105,0.014020587405562222
16213.379583746284,0.01400416347148947
16235.133795837464,0.013966973288314831
16256.888007928643,0.013950764944983375
16278.642220019823,0.013939457528343382
16300.396432111002,0.013900561077272996
16322.150644202182,0.013883756322932782
16343.90485629336,0.013863448015236686
16365.65906838454,0.013837077552375177
16387.413280475717,0.013814088992771294
16409.1674925669,0.013795212898920117
16430.921704658078,0.013793340493473399
16452.675916749256,0.013759185281615368
16474.43012884044,0.013734762353306154
16496.184340931617,0.013712446919271738
16517.938553022796,0.013711076972438199
16539.692765113974,0.013691729574357362
16561.446977205156,0.013657232898907048
16583.201189296335,0.013641717820022704
16604.955401387513,0.01361626687478712
16626.70961347869,0.013618693588416804
16648.463825569874,0.01359435974496074
16670.218037661052,0.013570347323233993
16691.97224975223,0.013559423479004556
16713.72646184341,0.01352537036662527
16735.48067393459,0.013524115647828586
16757.23488602577,0.013494824127681436
16778.98909811695,0.013494453473923017
16800.743310208127,0.013466930160860159
16822.497522299305,0.013448847833397849
16844.251734390487,0.013448800322236663
16866.005946481666,0.013406466588749848
16887.760158572844,0.013377634734691928
16909.514370664023,0.013380790445342234
16931.268582755205,0.013367053491480948
16953.022794846383,0.01331954619944137
16974.777006937562,0.013310166549272702
16996.53121902874,0.013298358220802145
17018.285431119923,0.01326556453308309
17040.0396432111,0.013268245324626803
17061.79385530228,0.013211515581486933
17083.548067393458,0.013218038444052808
17105.30227948464,0.01319407587841066
17127.05649157582,0.013164345770568204
17148.810703666997,0.013158924157451854
17170.564915758176,0.013122379825738356
17192.319127849358,0.013101681574015223
17214.073339940536,0.013048962793824075
17235.827552031715,0.013023044173164737
17257.581764122893,0.013016199395367335
17279.335976214075,0.012998095535154372
17301.090188305254,0.012975228703087472
17322.844400396432,0.012957464403508158
17344.59861248761,0.012927059914604131
17366.352824578793,0.012901661820985465
17388.10703666997,0.012876350625747693
17409.86124876115,0.01282780349044621
17431.61546085233,0.012812411422378303
17453.36967294351,0.012783215325937758
17475.12388503469,0.012790473189797359
17496.878097125867,0.0127373649599383
17518.632309217046,0.012692977439003427
17540.386521308228,0.01270307609413472
17562.140733399407,0.012639548461551346
17583.894945490585,0.012636137226020458
17605.649157581764,0.012590302044191513
17627.403369672946,0.012634304874868621
17649.157581764124,0.012585247068984106
17670.911793855303,0.012563674755019448
17692.66600594648,0.012549779410934082
17714.420218037663,0.012500337650138655
17736.17443012884,0.012496903674897754
17757.92864222002,0.012461433078309773
17779.6828543112,0.012426421394507512
17801.43706640238,0.012387820281776492
17823.19127849356,0.012375203573214382
17844.945490584738,0.012334264730222876
17866.699702675916,0.012310130391565192
17888.4539147671,0.012278629457750568
17910.208126858277,0.012249302439074683
17931.962338949455,0.012219017734899643
17953.716551040634,0.012180154762285822
17975.470763131816,0.01214746051345881
17997.224975222995,0.012134384656283236
18018.979187314173,0.012096058633600037
18040.73339940535,0.012075588845205563
18062.487611496534,0.012040668131362354
18084.241823587712,0.012013023604536703
18105.99603567889,0.011978689783081036
18127.75024777007,0.011958285406070763
18149.50445986125,0.011915072049198611
18171.25867195243,0.011855346359136919
18193.01288404361,0.011791151809965173
18214.767096134787,0.011641377159566863
18236.52130822597,0.011544240075278104
18258.275520317147,0.011482181674394985
18280.029732408326,0.011418748327170233
18301.783944499504,0.011376358996778713
18323.538156590686,0.011353880787604607
18345.292368681865,0.011306507812781892
18367.046580773043,0.011276679215844042
18388.800792864222,0.011258698493954796
18410.555004955404,0.011219194313074
18432.309217046582,0.01124881291087984
18454.06342913776,0.01123464100671223
18475.81764122894,0.011229883795781681
18497.57185332012,0.011232824512777274
18519.3260654113,0.011219308707144571
18541.08027750248,0.011215505117750693
18562.834489593657,0.011199967612269778
18584.58870168484,0.011190529849690094
18606.342913776018,0.011174842183850293
18628.097125867196,0.011148974196985345
18649.851337958375,0.011138660340476229
18671.605550049553,0.0111243395008346
18693.359762140735,0.011095438620635103
18715.113974231914,0.01107479204108953
18736.868186323092,0.011066944063932825
18758.62239841427,0.011039050844525538
18780.376610505453,0.011007168781896642
18802.13082259663,0.010993107385402046
18823.88503468781,0.01097733921185972
18845.63924677899,0.010937846847350212
18867.39345887017,0.010916509829191975
18889.14767096135,0.010898530230452407
18910.901883052527,0.010865387807438858
18932.656095143706,0.01085089131794877
18954.410307234888,0.01083294847707885
18976.164519326067,0.010801312960995159
18997.918731417245,0.010793642017194613
19019.672943508423,0.010757056800118237
19041.427155599606,0.010735881471514577
19063.181367690784,0.010713446620339927
19084.935579781963,0.010686071631375582
19106.68979187314,0.01066724099179474
19128.444003964323,0.010659810119019286
19150.1982160555,0.010613022691754691
19171.95242814668,0.010609107416047826
19193.70664023786,0.010575260963727042
19215.46085232904,0.010559035938498553
19237.21506442022,0.010541759360176319
19258.969276511398,0.010521543356984325
19280.723488602576,0.010479652668659824
19302.47770069376,0.010476564946966587
19324.231912784937,0.010434255336758153
19345.986124876115,0.01041515671639875
19367.740336967294,0.010403368438244605
19389.494549058476,0.010383231355517896
19411.248761149654,0.010359222964541356
19433.002973240833,0.01034351356480229
19454.75718533201,0.010308327158746999
19476.511397423194,0.010302743437796021
19498.265609514372,0.010273024547098192
19520.01982160555,0.010263225579519579
19541.77403369673,0.010239494944972286
19563.52824578791,0.01021058478987614
19585.28245787909,0.01019492698473319
19607.036669970268,0.010168088273246107
19628.790882061447,0.010142028967909035
19650.54509415263,0.01013604745156084
19672.299306243807,0.010099818413327886
19694.053518334986,0.010084176515986669
19715.807730426164,0.01006849436718147
19737.561942517346,0.010051307120916961
19759.316154608525,0.010042406921673559
19781.070366699703,0.010011279227190199
19802.82457879088,0.009991205867754153
19824.578790882064,0.009988214473958045
19846.333002973242,0.009979085146781141
19868.08721506442,0.009938494631378537
19889.8414271556,0.009922208207464304
19911.59563924678,0.009897630294829263
19933.34985133796,0.009885473130818018
19955.10406342914,0.009860333881445648
19976.858275520317,0.009844488634906183
19998.6124876115,0.009807287739794016
20020.366699702678,0.00979612683264003
20042.120911793856,0.009785274074020614
20063.875123885035,0.00977859048447955
20085.629335976217,0.009754969317714229
20107.383548067395,0.009731876103487653
20129.137760158574,0.009702529732186601
20150.891972249752,0.009680741995411095
20172.646184340934,0.009649852698081251
20194.400396432113,0.00965686577249451
20216.15460852329,0.009621702174693415
20237.90882061447,0.009614551040543547
20259.663032705652,0.00959661725195394
20281.41724479683,0.009575054883951006
20303.17145688801,0.009564296643149041
20324.925668979187,0.00953776678485425
20346.67988107037,0.009532974785865112
20368.434093161548,0.009504302121719195
20390.188305252726,0.009470691681288385
20411.942517343905,0.009460830731879998
20433.696729435087,0.009460707020148652
20455.450941526266,0.009422441408528683
20477.205153617444,0.009415447035343834
20498.959365708622,0.009390312113091076
20520.7135777998,0.009388076945054136
20542.467789890983,0.009360310222786048
20564.22200198216,0.009334349999741011
20585.97621407334,0.009337153393762202
20607.73042616452,0.009306811961684947
20629.4846382557,0.009299311654567988
20651.23885034688,0.009280809853659162
20672.993062438058,0.009270979142821647
20694.747274529236,0.009253726326889616
20716.50148662042,0.009217391566056256
20738.255698711597,0.009216600108743462
20760.009910802775,0.009194041113435374
20781.764122893954,0.009178505737722508
20803.518334985136,0.009178691420658884
20825.272547076314,0.009128405500828335
20847.026759167493,0.0091234698296824
20868.78097125867,0.00912273336033417
20890.535183349853,0.009098315623159707
20912.289395441032,0.00908079149834512
20934.04360753221,0.0090764096143073
20955.79781962339,0.009061391459235
20977.55203171457,0.009039240895307636
20999.30624380575,0.0090379381296954
21021.060455896928,0.00901816988822261
21042.814667988107,0.008998002396536744
21064.56888007929,0.008980519281192263
21086.323092170467,0.008963306346704936
21108.077304261646,0.00898001557765876
21129.831516352824,0.008934228597246099
21151.585728444006,0.008927927853685255
21173.339940535185,0.008909308794082344
21195.094152626363,0.00889436019274467
21216.84836471754,0.008905223018410263
21238.602576808724,0.00887160872752445
21260.356788899902,0.008856917956172338
21282.11100099108,0.008843482037276154
21303.86521308226,0.00883698694946196
21325.61942517344,0.008815772811163976
21347.37363726462,0.008802760444661663
21369.1278493558,0.008782402123411852
21390.882061446977,0.008784983661286855
21412.63627353816,0.008783827617000747
21434.390485629337,0.00878199859254794
21456.144697720516,0.00874210252989577
21477.898909811694,0.008730008529092856
21499.653121902877,0.008718331654795887
21521.407333994055,0.008716154688610797
21543.161546085234,0.008687354470346425
21564.915758176412,0.008674706330995303
21586.669970267594,0.008673968526417537
21608.424182358773,0.008671305692374707
21630.17839444995,0.00866520717773447
21651.93260654113,0.008628735986396211
21673.68681863231,0.008607794001014895
21695.44103072349,0.008612162086519564
21717.19524281467,0.00859758290411183
21738.949454905847,0.008576961726420668
21760.70366699703,0.008570383893577989
21782.457879088208,0.00854528399788591
21804.212091179386,0.00855275564929415
21825.966303270565,0.0085410597589668
21847.720515361747,0.008525393476391809
21869.474727452925,0.00851241514535869
21891.228939544104,0.008507131456387047
21912.983151635282,0.008478611147739764
21934.737363726465,0.008460509009775062
21956.491575817643,0.008476193199001837
21978.24578790882,0.008473569997959833
22000.0,0.008451515064858134
