50.0,0.000817202409250609
71.75421209117938,0.0014829043290961155
93.50842418235877,0.002180736194010867
115.26263627353816,0.0027950420500488004
137.01684836471753,0.003411826361188389
158.77106045589693,0.004028867117409186
180.52527254707633,0.004615965629513829
202.2794846382557,0.005164228482779591
224.0336967294351,0.00570446685004392
245.7879088206145,0.006171070235453571
267.54212091179386,0.006640389743983782
289.29633300297326,0.007066879470268755
311.05054509415265,0.007505910049210688
332.80475718533205,0.007903567380873652
354.5589692765114,0.008277719557728505
376.3131813676908,0.00859266307140138
398.0673934588702,0.008948593228422275
419.8216055500496,0.00921820311452552
441.575817641229,0.009503595415336293
463.3300297324083,0.009785337191778728
485.0842418235877,0.01002008545462203
506.8384539147671,0.010241545715244599
528.5926660059465,0.010463726035404644
550.3468780971259,0.010611635376251533
572.1010901883053,0.010829390300604924
593.8553022794847,0.010910627227573398
615.6095143706641,0.01114750765542832
637.3637264618434,0.011164833699542909
659.1179385530228,0.011230360132656166
680.8721506442022,0.011372374333541305
702.6263627353816,0.011441317506805585
724.380574826561,0.01147385903961078
746.1347869177404,0.011503908253912407
767.8889990089198,0.011626914862286944
789.6432111000992,0.011597015640171958
811.3974231912786,0.011660443087922174
833.151635282458,0.011674112623514473
854.9058473736374,0.011713198431393537
876.6600594648166,0.011709788730430834
898.414271555996,0.011670458275325995
920.1684836471754,0.01165479802296878
941.9226957383548,0.011695367533172525
963.6769078295342,0.011605093585504083
985.4311199207136,0.011671928428393399
1007.185332011893,0.011617493148532734
1028.9395441030724,0.01156192783165753
1050.6937561942518,0.011536407787224107
1072.4479682854312,0.011505821769002509
1094.2021803766106,0.011427581181734129
1115.95639246779,0.011427277713570891
1137.7106045589694,0.011379503758397287
1159.4648166501488,0.011283176633433733
1181.2190287413282,0.011302036734360095
1202.9732408325076,0.011167110281103926
1224.7274529236868,0.01117681233721064
1246.4816650148662,0.01105643960038791
1268.2358771060456,0.011011231144027129
1289.990089197225,0.010946835760661114
1311.7443012884044,0.010901382504887397
1333.4985133795838,0.010801924984832009
1355.2527254707632,0.010739625587863294
1377.0069375619426,0.010729937151856248
1398.761149653122,0.01061638418073164
1420.5153617443013,0.01057194853618958
1442.2695738354807,0.010456159302283273
1464.0237859266601,0.010461667683210215
1485.7779980178395,0.010342789658944052
1507.532210109019,0.010271171443805715
1529.2864222001983,0.010253797503238885
1551.0406342913777,0.010108902270633444
1572.7948463825571,0.010096811812941201
1594.5490584737365,0.010039993583691825
1616.303270564916,0.009930765862786264
1638.0574826560953,0.00990811034851954
1659.8116947472747,0.009868454021043013
1681.5659068384539,0.009777467558230507
1703.3201189296333,0.009694897419939006
1725.0743310208127,0.009625010589867058
1746.828543111992,0.00957278031944372
1768.5827552031715,0.00953610309896831
1790.3369672943509,0.009445208176711406
1812.0911793855303,0.009362156594805387
1833.8453914767097,0.009329930731864465
1855.599603567889,0.009233207462090571
1877.3538156590685,0.00919349776372437
1899.1080277502479,0.009128815736823316
1920.8622398414273,0.009047324679885263
1942.6164519326067,0.008959935577979174
1964.370664023786,0.00893443939700399
1986.1248761149654,0.008852680231129215
2007.8790882061448,0.008795584089716441
2029.6333002973242,0.008744961629798098
2051.3875123885036,0.008676792953976718
2073.141724479683,0.008637251865856524
2094.8959365708624,0.008588514207317818
2116.650148662042,0.008506427793536015
2138.404360753221,0.008455580733026977
2160.1585728444006,0.00841105711078554
2181.91278493558,0.008381162475881493
2203.6669970267594,0.00832170259710866
2225.421209117939,0.00828206528917377
2247.175421209118,0.008304569009144846
2268.9296333002976,0.008196564565243782
2290.683845391477,0.008180409333486252
2312.4380574826564,0.008096522170687362
2334.192269573836,0.008054480746464603
2355.946481665015,0.00798841172115415
2377.700693756194,0.007948863819876775
2399.4549058473735,0.00790324076339175
2421.209117938553,0.007836373608459783
2442.9633300297323,0.007814526532625569
2464.7175421209117,0.0077716510403916745
2486.471754212091,0.007701251639541459
2508.2259663032705,0.007648401716913476
2529.98017839445,0.007614266844599354
2551.7343904856293,0.0075637936998864536
2573.4886025768087,0.007539965536444314
2595.242814667988,0.007477228137434353
2616.9970267591675,0.007442647480856392
2638.751238850347,0.007394848093785564
2660.5054509415263,0.007348894179305142
2682.2596630327057,0.007324437915276912
2704.013875123885,0.007269215583546068
2725.7680872150645,0.0072080235687966504
2747.522299306244,0.0071552664414547135
2769.2765113974233,0.0071480621849203995
2791.0307234886027,0.00709859967585333
2812.784935579782,0.007063246211339514
2834.5391476709615,0.0069914644035950725
2856.293359762141,0.007004843499017019
2878.0475718533203,0.006926299856380534
2899.8017839444997,0.006887950705043192
2921.555996035679,0.006842688104067655
2943.3102081268585,0.006821982206536528
2965.064420218038,0.006779833663266969
2986.8186323092173,0.006742397324774771
3008.5728444003967,0.006727478297699443
3030.327056491576,0.006688985052523589
3052.0812685827555,0.006634446997734928
3073.835480673935,0.0065912210056809665
3095.5896927651143,0.006561235611817106
3117.3439048562936,0.00653266399220938
3139.098116947473,0.006501640990527622
3160.8523290386524,0.006472986479772842
3182.606541129832,0.006435145566374159
3204.3607532210112,0.006377509200908142
3226.1149653121906,0.006358722308683404
3247.86917740337,0.006326349133950876
3269.6233894945494,0.00630602349440858
3291.377601585729,0.006240076922315702
3313.1318136769078,0.006228085616640558
3334.886025768087,0.006192029655838059
3356.6402378592666,0.006170964707198462
3378.394449950446,0.006126079710485164
3400.1486620416254,0.006098806922317265
3421.9028741328048,0.006078354540622076
3443.657086223984,0.006048269340496833
3465.4112983151635,0.006005273155184949
3487.165510406343,0.005991254792062595
3508.9197224975223,0.005977835102212925
3530.6739345887017,0.005946002964629012
3552.428146679881,0.005898736441978909
3574.1823587710605,0.00587413771063311
3595.93657086224,0.0058745367764616125
3617.6907829534193,0.005830185333430233
3639.4449950445987,0.005798856157454675
3661.199207135778,0.0058005007003404455
3682.9534192269575,0.0057628594678995945
3704.707631318137,0.0057436818975435955
3726.4618434093163,0.005718805132683313
3748.2160555004957,0.005699058625942534
3769.970267591675,0.005668644073888658
3791.7244796828545,0.005655511746626118
3813.478691774034,0.005633496977235099
3835.2329038652133,0.005624052035590799
3856.9871159563927,0.0055838946583674914
3878.741328047572,0.005545199040424158
3900.4955401387515,0.005553424782978248
3922.249752229931,0.005506146449729975
3944.0039643211103,0.005492364928193319
3965.7581764122897,0.005491883527284333
3987.512388503469,0.005476653878122389
4009.2666005946485,0.005440720209529709
4031.020812685828,0.005434344725532693
4052.7750247770073,0.005395689948832587
4074.5292368681867,0.005377371603668934
4096.283448959366,0.0053469997669198565
4118.0376610505455,0.005350264849448202
4139.791873141725,0.00531144778135397
4161.546085232904,0.0052975702887095326
4183.300297324084,0.005289103943513022
4205.054509415263,0.005263322380605619
4226.808721506442,0.005246562356299981
4248.562933597622,0.00522352483819164
4270.317145688801,0.005207546450293555
4292.071357779981,0.005195843766630594
4313.82556987116,0.005158195946250395
4335.579781962339,0.0051486382830058085
4357.333994053519,0.005141611397433299
4379.088206144698,0.005118124102711559
4400.842418235878,0.005100086494088703
4422.596630327057,0.005075113349844317
4444.350842418236,0.005079354012491845
4466.105054509416,0.005062460490640889
4487.859266600595,0.0050390441310324925
4509.613478691775,0.005033599530902811
4531.367690782954,0.00500340107284485
4553.121902874133,0.004980763477324837
4574.876114965313,0.004963452750170187
4596.630327056492,0.004932427707045791
4618.384539147672,0.004935846964577913
4640.138751238851,0.004932541836489682
4661.89296333003,0.004920534912930707
4683.64717542121,0.004895770696601302
4705.401387512388,0.00487369486788535
4727.155599603568,0.004851204091692082
4748.909811694747,0.0048249919520622
4770.6640237859265,0.0048315398524007855
4792.418235877106,0.004812596167388347
4814.172447968285,0.004793110671679092
4835.926660059465,0.004782313248725558
4857.680872150644,0.004755610923887698
4879.4350842418235,0.004743120158857458
4901.189296333003,0.004726754994353949
4922.943508424182,0.004727592718601086
4944.697720515362,0.0046977534962103955
4966.451932606541,0.004697414797493724
4988.20614469772,0.004666701511422602
5009.9603567889,0.004651636948706229
5031.714568880079,0.00463876216233609
5053.468780971259,0.004633155640109881
5075.222993062438,0.004634960912390631
5096.977205153617,0.004590614962312783
5118.731417244797,0.004590027722173909
5140.485629335976,0.004580488404490617
5162.239841427156,0.004559795758278873
5183.994053518335,0.004571639641239672
5205.748265609514,0.004534405444312297
5227.502477700694,0.0045117731617136956
5249.256689791873,0.004530556688624699
5271.010901883053,0.004492532316306362
5292.765113974232,0.004491211142857682
5314.519326065411,0.004469291238530446
5336.273538156591,0.004442786591778746
5358.02775024777,0.004458873569649738
5379.78196233895,0.004424492548512202
5401.536174430129,0.004412585973631562
5423.290386521308,0.0043899898390709294
5445.044598612488,0.004383272434773818
5466.798810703667,0.004365718738007866
5488.553022794847,0.004383106500068758
5510.307234886026,0.004355652926648885
5532.061446977205,0.00434521759042053
5553.815659068385,0.00432742059828277
5575.569871159564,0.004327073394221202
5597.324083250744,0.004329591807865956
5619.078295341923,0.004312122651300633
5640.832507433102,0.004294866709451411
5662.586719524282,0.0042779165421458374
5684.340931615461,0.0042655783317839795
5706.095143706641,0.004271646079279626
5727.84935579782,0.004251768209313038
5749.603567888999,0.004247805366102595
5771.357779980179,0.004231448622868532
5793.111992071358,0.004225020956715481
5814.8662041625375,0.004222201269411964
5836.620416253717,0.0042124801712071
5858.374628344896,0.0042038146607777565
5880.128840436076,0.004172901302748126
5901.883052527255,0.004178434182857617
5923.6372646184345,0.004173932342170031
5945.391476709614,0.004171135625519746
5967.145688800793,0.004149333935447471
5988.899900891973,0.004146068258101402
6010.654112983152,0.004141158674336085
6032.4083250743315,0.004150657321579921
6054.162537165511,0.004114493321934306
6075.91674925669,0.004095171051426912
6097.67096134787,0.004099366987728838
6119.425173439049,0.004100844784241657
6141.1793855302285,0.0040907216430973396
6162.933597621408,0.004082092091124967
6184.687809712587,0.0040691330793506866
6206.442021803767,0.004081636621248026
6228.196233894946,0.00407091356758222
6249.9504459861255,0.004058544639445279
6271.704658077305,0.004058812224537124
6293.458870168484,0.004016974132180839
6315.213082259664,0.00402173921976699
6336.967294350843,0.004035167943955864
6358.7215064420225,0.004010295641455377
6380.475718533202,0.00399869301190589
6402.229930624381,0.004011600496719483
6423.984142715561,0.003974843926690204
6445.73835480674,0.003969873209228979
6467.4925668979195,0.003999165669110621
6489.246778989099,0.003979010558509489
6511.000991080278,0.003945892658621747
6532.755203171458,0.003947672565040064
6554.509415262636,0.003942394750797033
6576.2636273538155,0.003938782649017334
6598.017839444995,0.0039473729077869
6619.772051536174,0.003927349179035269
6641.526263627354,0.003923636180796201
6663.280475718533,0.003916312266729761
6685.0346878097125,0.003899969306803965
6706.788899900892,0.003883314152134102
6728.543111992071,0.003894483241471839
6750.297324083251,0.0038746950940352714
6772.05153617443,0.0038752610576630836
6793.8057482656095,0.0038540103832371804
6815.559960356789,0.003844771824120256
6837.314172447968,0.003851037313945036
6859.068384539148,0.003846984659260549
6880.822596630327,0.0038415451942832844
6902.5768087215065,0.003836163511388038
6924.331020812686,0.003817695670836663
6946.085232903865,0.0038270375833231634
6967.839444995045,0.003834470508397867
6989.593657086224,0.003816311766100485
7011.3478691774035,0.0037889762344865663
7033.102081268583,0.0037945510349903055
7054.856293359762,0.0038068711551942497
7076.610505450942,0.0037862217162132755
7098.364717542121,0.003791395737232662
7120.1189296333005,0.003788366106312324
7141.87314172448,0.003777410269447178
7163.627353815659,0.0037786142778973883
7185.381565906839,0.0037767909686103893
7207.135777998018,0.003755657783870357
7228.889990089197,0.0037592821235210585
7250.644202180377,0.0037429704890224553
7272.398414271556,0.003742169600270009
7294.152626362736,0.0037494995000538402
7315.906838453915,0.003732947285016492
7337.661050545094,0.0037294083433768686
7359.415262636274,0.003714761518794982
7381.169474727453,0.0037228271731881406
7402.923686818633,0.003729277335074049
7424.677898909812,0.0037212995053611314
7446.432111000991,0.0037098913403551324
7468.186323092171,0.0037241198481638587
7489.94053518335,0.003698635177503318
7511.69474727453,0.0037125307458446724
7533.448959365709,0.0036877874352822995
7555.203171456888,0.0036773833426904244
7576.957383548068,0.003665380517005158
7598.711595639247,0.003664817798869952
7620.465807730427,0.0036957448962970916
7642.220019821606,0.0036828719899237605
7663.974231912785,0.003667940735741514
7685.728444003965,0.003654980476288485
7707.482656095144,0.00368748290809327
7729.236868186324,0.003663640657390542
7750.991080277503,0.003661220481717265
7772.745292368682,0.0036708655057195983
7794.499504459862,0.0036763589302636107
7816.253716551041,0.003672955349478809
7838.007928642221,0.0036685061453817958
7859.7621407334,0.0036591331762100433
7881.516352824579,0.0036457035391992587
7903.270564915759,0.003644962107612369
7925.024777006938,0.0036432839018885146
7946.778989098118,0.003628580795989529
7968.533201189297,0.0036314004879259734
7990.287413280476,0.0036148659990158693
8012.041625371656,0.0036399244810486108
8033.795837462835,0.0036333318584138444
8055.550049554015,0.003616446285617554
8077.304261645194,0.0036101845387687594
8099.058473736373,0.003598415744350005
8120.812685827553,0.003614946742605899
8142.566897918732,0.003624154591232692
8164.3211100099115,0.0036038298979814516
8186.075322101091,0.0036098478923492056
8207.829534192271,0.003595804202601137
8229.58374628345,0.0035924176880097057
8251.337958374628,0.0035951220109367637
8273.092170465809,0.003610474043626405
8294.846382556987,0.003607068628690616
8316.600594648167,0.0036296071176132824
8338.354806739346,0.003591403385738227
8360.109018830526,0.0035904851633839123
8381.863230921705,0.003594828019373528
8403.617443012885,0.0036061233820503147
8425.371655104063,0.0035814604799866215
8447.125867195244,0.0035822510509271963
8468.880079286422,0.0036032833226352042
8490.634291377602,0.0036124587620801987
8512.388503468781,0.0035901586583603796
8534.142715559961,0.003586714616426849
8555.89692765114,0.003587139852277438
8577.65113974232,0.003589595804903109
8599.405351833499,0.003596539916599425
8621.159563924679,0.0035843423947816426
8642.913776015857,0.0035825717862945886
8664.667988107038,0.0036028501820876482
8686.422200198216,0.0035748791540224124
8708.176412289396,0.0035984102745662563
8729.930624380575,0.003604593492985443
8751.684836471755,0.0035869615671361745
8773.439048562934,0.003582965785047354
8795.193260654114,0.0035897535487246198
8816.947472745293,0.0035770719421198394
8838.701684836473,0.003571694806431535
8860.455896927651,0.0035974223667781906
8882.210109018832,0.003598092600412057
8903.96432111001,0.0035874733863868595
8925.71853320119,0.0035758255184021493
8947.472745292369,0.003601132578932356
8969.22695738355,0.0035959203646702188
8990.981169474728,0.003600778522214606
9012.735381565908,0.0035936684655037392
9034.489593657087,0.0036168012330623036
9056.243805748267,0.0036187808076149075
9077.998017839445,0.003596683738750601
9099.752229930626,0.0035955355299039948
9121.506442021804,0.0035766191185478504
9143.260654112984,0.003596634198917788
9165.014866204163,0.00361860705726734
9186.769078295343,0.003613235124724794
9208.523290386522,0.0036025153666765946
9230.277502477702,0.003633933247261705
9252.03171456888,0.003622644511075576
9273.78592666006,0.0036245248477056965
9295.54013875124,0.003618335224279945
9317.29435084242,0.003648771062575727
9339.048562933598,0.003624879559075032
9360.802775024777,0.003631449781205572
9382.556987115957,0.0036783423513415655
9404.311199207135,0.0036593547018128757
9426.065411298316,0.0036554582108318514
9447.819623389494,0.003663232182051801
9469.573835480674,0.0036447010079291827
9491.328047571853,0.003671074533038113
9513.082259663033,0.003660121255278847
9534.836471754212,0.00367764353887989
9556.590683845392,0.0036698106533304955
9578.34489593657,0.003673312761133334
9600.09910802775,0.0036918428016426974
9621.85332011893,0.0036823348964704445
9643.60753221011,0.00369665158616673
9665.361744301288,0.003689315584307203
9687.115956392468,0.003724423031322033
9708.870168483647,0.0037116363155637972
9730.624380574827,0.003714145470562509
9752.378592666006,0.0037666131467604955
9774.132804757186,0.0037561813139820608
9795.887016848365,0.0037415801836380574
9817.641228939545,0.0038008078509698434
9839.395441030723,0.00375798620086144
9861.149653121904,0.003773254989921699
9882.903865213082,0.003811986031406988
9904.658077304262,0.003787875446292552
9926.41228939544,0.003799099318931528
9948.166501486621,0.003806591447819164
9969.9207135778,0.0038237739256064816
9991.67492566898,0.0038254711543238696
10013.429137760158,0.0038503494879230118
10035.183349851339,0.0038493945577937317
10056.937561942517,0.0038692559278053706
10078.691774033698,0.0038841798468724387
10100.445986124876,0.0038929434117708417
10122.200198216056,0.003896202633928708
10143.954410307235,0.0038901419606106923
10165.708622398415,0.00391035469656718
10187.462834489594,0.003923499642857764
10209.217046580774,0.003947724325546175
10230.971258671952,0.0039471774386025515
10252.725470763133,0.00396163133002883
10274.479682854311,0.003979628893975543
10296.233894945492,0.003994748512214129
10317.98810703667,0.004010244679804213
10339.74231912785,0.0040248621573386835
10361.496531219029,0.004023463828300188
10383.25074331021,0.004058896863270734
10405.004955401388,0.004077424662670912
10426.759167492568,0.004100600288980261
10448.513379583746,0.004082916736775806
10470.267591674927,0.004120740066556127
10492.021803766105,0.004151134320353534
10513.776015857286,0.004131563415153276
10535.530227948464,0.004177819129095107
10557.284440039644,0.004168991396403811
10579.038652130823,0.0041857447804341825
10600.792864222003,0.004201433661218632
10622.547076313182,0.004241707057618312
10644.301288404362,0.0042768869206044014
10666.05550049554,0.004291709459063253
10687.80971258672,0.004289391034696883
10709.5639246779,0.004324493377361676
10731.31813676908,0.004337090296472625
10753.072348860258,0.004387860188694485
10774.826560951438,0.004402628120160162
10796.580773042617,0.004446937060095746
10818.334985133797,0.00447880848063433
10840.089197224976,0.004486564459612722
10861.843409316156,0.004510357058774394
10883.597621407334,0.004489548636923093
10905.351833498515,0.004555612982238175
10927.106045589693,0.004563757742434845
10948.860257680873,0.0045928000831219505
10970.614469772052,0.004632340327312427
10992.368681863232,0.004688322056811903
11014.12289395441,0.0046853309791152434
11035.877106045591,0.005080625528008928
11057.63131813677,0.0047164588521157475
11079.38553022795,0.004772550592516018
11101.139742319128,0.004707018585933669
11122.893954410309,0.00478870958395516
11144.648166501487,0.004852711172385288
11166.402378592667,0.00489805834993143
11188.156590683846,0.004916506757757687
11209.910802775024,0.0049071238720262604
11231.665014866205,0.004961247251544716
11253.419226957383,0.004971460669590477
11275.173439048564,0.005022778464013419
11296.927651139742,0.005072265228370062
11318.681863230922,0.005097167480691997
11340.4360753221,0.0051676697717019425
11362.190287413281,0.005152428900807948
11383.94449950446,0.005164109781716303
11405.69871159564,0.005254778836209569
11427.452923686818,0.0052588539801592706
11449.207135777999,0.005319436708096168
11470.961347869177,0.005190686406713952
11492.715559960357,0.005238168645138967
11514.469772051536,0.005229494999341332
11536.223984142716,0.0053950672237818315
11557.978196233895,0.005447054411045019
11579.732408325075,0.005613520919914168
11601.486620416254,0.005372521317866408
11623.240832507434,0.005548864285175931
11644.995044598612,0.00559753056063234
11666.749256689793,0.005464070444709146
11688.503468780971,0.00565448078043599
11710.257680872151,0.005793119102785391
11732.01189296333,0.005766013141342378
11753.76610505451,0.005844205585607765
11775.520317145689,0.00568423968930419
11797.274529236869,0.005621896438134822
11819.028741328048,0.005795573895534418
11840.782953419228,0.005875978700903876
11862.537165510406,0.005874240367401048
11884.291377601587,0.005796633661781034
11906.045589692765,0.00588978475594185
11927.799801783945,0.0058810853364729375
11949.554013875124,0.005988771948989626
11971.308225966304,0.006005715261537546
11993.062438057483,0.00599388247762575
12014.816650148663,0.006056657882598454
12036.570862239842,0.005949251556845448
12058.325074331022,0.00612584396449379
12080.0792864222,0.005970678885520472
12101.83349851338,0.006152907961307482
12123.58771060456,0.0061806152535348775
12145.34192269574,0.006119891591487059
12167.096134786918,0.006180116997172465
12188.850346878098,0.006213525771209934
12210.604558969277,0.006166230245688933
12232.358771060457,0.006216356589792528
12254.112983151635,0.0062642436931923395
12275.867195242816,0.006227693379426527
12297.621407333994,0.006270965847477483
12319.375619425175,0.006310532624805928
12341.129831516353,0.006261498227729527
12362.884043607533,0.006232384512992198
12384.638255698712,0.0063583303982562124
12406.392467789892,0.006289409777225841
12428.14667988107,0.006341747566004579
12449.900891972251,0.006369512363312124
12471.65510406343,0.006253031324004383
12493.40931615461,0.006373036590428929
12515.163528245788,0.006370156017347848
12536.917740336969,0.006329946332530158
12558.671952428147,0.006412394227650855
12580.426164519327,0.006445272171708035
12602.180376610506,0.006474317240068021
12623.934588701686,0.006383855022773386
12645.688800792865,0.006434328721786135
12667.443012884045,0.006446361755483243
12689.197224975223,0.006514874612156783
12710.951437066404,0.006391246530007272
12732.705649157582,0.006459528964477596
12754.459861248763,0.006445424812801248
12776.214073339941,0.006493903003907589
12797.968285431121,0.006465033779202163
12819.7224975223,0.0064635797515479754
12841.47670961348,0.006491745591485621
12863.230921704659,0.006444644090765137
12884.985133795839,0.006440276868522114
12906.739345887017,0.006421196118176892
12928.493557978198,0.006416459767606745
12950.247770069376,0.006382415790065702
12972.001982160557,0.006427463866301856
12993.756194251735,0.0064133179298094985
13015.510406342915,0.00640285888127983
13037.264618434094,0.006361462933605131
13059.018830525272,0.006362748460796246
13080.773042616453,0.0063623249053537815
13102.527254707631,0.006328746219679219
13124.281466798811,0.006332741330767979
13146.03567888999,0.006253850628650799
13167.78989098117,0.0062638403641584765
13189.544103072349,0.006251313256332705
13211.298315163529,0.006162932611518318
13233.052527254707,0.006129310778765015
13254.806739345888,0.006108133057312029
13276.560951437066,0.006091181538617281
13298.315163528247,0.00610605818470558
13320.069375619425,0.006057317377234414
13341.823587710605,0.006049492425246683
13363.577799801784,0.006019052009399486
13385.332011892964,0.005970571108844614
13407.086223984143,0.005947068090607757
13428.840436075323,0.005903532296821962
13450.594648166501,0.005848829909158925
13472.348860257682,0.005819148013637907
13494.10307234886,0.005770568474077142
13515.85728444004,0.005715874558636937
13537.611496531219,0.005703537445993407
13559.3657086224,0.0056552711208494675
13581.119920713578,0.005613331203843668
13602.874132804758,0.005550471096170216
13624.628344895937,0.00553574856060226
13646.382556987117,0.005491760334886893
13668.136769078295,0.005412920177930763
13689.890981169476,0.005378167668558967
13711.645193260654,0.005342834710587255
13733.399405351835,0.005299792626540872
13755.153617443013,0.0052603274739758355
13776.907829534193,0.005191322113734131
13798.662041625372,0.00514955965559668
13820.416253716552,0.0050878989152915565
13842.17046580773,0.005035263032909502
13863.92467789891,0.00501899814139077
13885.67888999009,0.004965163941414423
13907.43310208127,0.00491018262000763
13929.187314172448,0.004904958896751838
13950.941526263628,0.004850874843792715
13972.695738354807,0.004814365835523616
13994.449950445987,0.004749787180963164
14016.204162537166,0.004722215801269993
14037.958374628346,0.004688919772998894
14059.712586719525,0.004646414233274515
14081.466798810705,0.004636483193018821
14103.221010901883,0.004581393673079187
14124.975222993064,0.004567096520183912
14146.729435084242,0.004561419298129147
14168.483647175422,0.004497268573089226
14190.237859266601,0.004453237719592903
14211.992071357781,0.004458146579992408
14233.74628344896,0.004429934897756963
14255.50049554014,0.004362825265271347
14277.254707631319,0.004400455075785799
14299.008919722499,0.0043260961533938425
14320.763131813677,0.004309737466707804
14342.517343904858,0.004284830305220733
14364.271555996036,0.004261105643923182
14386.025768087216,0.0042699593859161005
14407.779980178395,0.004259039514412258
14429.534192269575,0.004221240439660953
14451.288404360754,0.0041930971817130585
14473.042616451934,0.004218430304008944
14494.796828543112,0.004181036028041376
14516.551040634293,0.0041729200810914175
14538.305252725471,0.00415316400326161
14560.059464816652,0.004149105584330676
14581.81367690783,0.004141037834020839
14603.56788899901,0.004159381634776256
14625.322101090189,0.004143018401090804
14647.07631318137,0.004124792244545778
14668.830525272548,0.00410441486438201
14690.584737363728,0.004131748052357622
14712.338949454906,0.004146117301894027
14734.093161546087,0.004119848207082999
14755.847373637265,0.004120922609011846
14777.601585728446,0.004135350433119061
14799.355797819624,0.004135612260841313
14821.110009910804,0.004146983095468318
14842.864222001983,0.004131552661698021
14864.618434093163,0.004161310020241463
14886.372646184342,0.004128601210585615
14908.12685827552,0.0041596673846799334
14929.8810703667,0.004162601944914022
14951.635282457879,0.0041903738655476785
14973.38949454906,0.0041764071485720835
14995.143706640238,0.004174366602927084
15016.897918731418,0.0041882309382852805
15038.652130822597,0.004197207094052068
15060.406342913777,0.004212131494145571
15082.160555004955,0.004234840355617907
15103.914767096136,0.00426251635420065
15125.668979187314,0.004255913825772909
15147.423191278494,0.004274522482280565
15169.177403369673,0.004290431915032564
15190.931615460853,0.004328966467611525
15212.685827552032,0.004338375370962845
15234.440039643212,0.00432896085896246
15256.19425173439,0.004371225310523011
15277.94846382557,0.004386656299825643
15299.70267591675,0.004378330946689617
15321.45688800793,0.0044065502957035445
15343.211100099108,0.004448227782614217
15364.965312190288,0.0044548526851623275
15386.719524281467,0.004490467997847106
15408.473736372647,0.004491793966625918
15430.227948463826,0.00453745503310435
15451.982160555006,0.004541374937121246
15473.736372646184,0.004532327328378325
15495.490584737365,0.004572345346297893
15517.244796828543,0.004577153960659068
15538.999008919724,0.004600933240850164
15560.753221010902,0.004615472657683609
15582.507433102082,0.004645904595714057
15604.26164519326,0.004690389357954199
15626.015857284441,0.0047122502713937
15647.77006937562,0.004716723560335712
15669.5242814668,0.004750932606603571
15691.278493557978,0.004779138971403322
15713.032705649159,0.004792894587887574
15734.786917740337,0.004833181299947685
15756.541129831518,0.004860364130774257
15778.295341922696,0.004892282839411679
15800.049554013876,0.004908129360790932
15821.803766105055,0.0049380357605932745
15843.557978196235,0.00496020268107272
15865.312190287414,0.004987766268734933
15887.066402378594,0.0050084967298391035
15908.820614469772,0.005022843319653222
15930.574826560953,0.00506756808498692
15952.329038652131,0.005078220657394281
15974.083250743312,0.005124770369759507
15995.83746283449,0.005162011983919933
16017.59167492567,0.005179105068713899
16039.345887016849,0.005219707871864095
16061.10009910803,0.00523737547713404
16082.854311199208,0.005248360237122162
16104.608523290388,0.0053164932536328875
16126.362735381566,0.005302184799237763
16148.116947472747,0.005344522073829428
16169.871159563925,0.005333454350135285
16191.625371655105,0.0053896932260295675
16213.379583746284,0.005433141291602216
16235.133795837464,0.005465225711925355
16256.888007928643,0.005481286569829112
16278.642220019823,0.0054726290181693294
16300.396432111002,0.005494081684204741
16322.150644202182,0.00551971960273527
16343.90485629336,0.005570311170930489
16365.65906838454,0.005603215722471606
16387.413280475717,0.005627049539394247
16409.1674925669,0.005642567917897843
16430.921704658078,0.005663940942916866
16452.675916749256,0.0056733979077313096
16474.43012884044,0.00572482784506792
16496.184340931617,0.005727225530880114
16517.938553022796,0.005750832394696354
16539.692765113974,0.0058009042914415505
16561.446977205156,0.005816388849162339
16583.201189296335,0.005820361606281263
16604.955401387513,0.005858598455685626
16626.70961347869,0.0058775301666646506
16648.463825569874,0.005902370383389118
16670.218037661052,0.005917065407000078
16691.97224975223,0.005912397522228102
16713.72646184341,0.005923084403511822
16735.48067393459,0.005949455816971835
16757.23488602577,0.005997976081869117
16778.98909811695,0.006008156264192618
16800.743310208127,0.006004626255446711
16822.497522299305,0.00604060265200253
16844.251734390487,0.006044546197633202
16866.005946481666,0.006042132179575104
16887.760158572844,0.006076388227313986
16909.514370664023,0.0061069630932289905
16931.268582755205,0.006125072539196576
16953.022794846383,0.006115011301881379
16974.777006937562,0.0061212177899957945
16996.53121902874,0.006162804781842842
17018.285431119923,0.006175375012040403
17040.0396432111,0.0061606568251400765
17061.79385530228,0.0061385568616027335
17083.548067393458,0.0061972343589833685
17105.30227948464,0.006182208441490872
17127.05649157582,0.006201001819314763
17148.810703666997,0.006175082197405958
17170.564915758176,0.006179177750982488
17192.319127849358,0.00622143503788515
17214.073339940536,0.006199577130772872
17235.827552031715,0.006194182280947825
17257.581764122893,0.006223577862082308
17279.335976214075,0.006203737866353316
17301.090188305254,0.006195999602237318
17322.844400396432,0.006231296009109662
17344.59861248761,0.006221772794245062
17366.352824578793,0.006212052226115296
17388.10703666997,0.006223497811523196
17409.86124876115,0.0062445281749195425
17431.61546085233,0.006236726844174354
17453.36967294351,0.006189905669550465
17475.12388503469,0.0061900650084809284
17496.878097125867,0.0062203162467852876
17518.632309217046,0.006193235113519024
17540.386521308228,0.0062375078189175846
17562.140733399407,0.006210996371256708
17583.894945490585,0.0062003465294102715
17605.649157581764,0.006179391274792769
17627.403369672946,0.006194131456400404
17649.157581764124,0.0062362098257468055
17670.911793855303,0.006204798346663008
17692.66600594648,0.006214038173549065
17714.420218037663,0.00618306128678877
17736.17443012884,0.006162673415951878
17757.92864222002,0.006172824724261819
17779.6828543112,0.006157194621392197
17801.43706640238,0.006142970115833627
17823.19127849356,0.006105305651409191
17844.945490584738,0.006111122043776004
17866.699702675916,0.006100355403428885
17888.4539147671,0.006097078110626598
17910.208126858277,0.006100319533181356
17931.962338949455,0.00606078770848097
17953.716551040634,0.0060603543087645465
17975.470763131816,0.00606772174903802
17997.224975222995,0.006072708477776452
18018.979187314173,0.00602815745192675
18040.73339940535,0.0060220899059288385
18062.487611496534,0.005993977367215529
18084.241823587712,0.005982574523045408
18105.99603567889,0.005997115233494601
18127.75024777007,0.00594969281620522
18149.50445986125,0.0059465337345227425
18171.25867195243,0.0059001255875695555
18193.01288404361,0.005910273580477387
18214.767096134787,0.0058800186112428245
18236.52130822597,0.005889519544240006
18258.275520317147,0.005852487377840126
18280.029732408326,0.005852623675441042
18301.783944499504,0.0058234711280621115
18323.538156590686,0.0058303010723996926
18345.292368681865,0.0057969237704868955
18367.046580773043,0.005766429786601238
18388.800792864222,0.005757433167182142
18410.555004955404,0.005732126619765565
18432.309217046582,0.005726263572671101
18454.06342913776,0.005703157282676062
18475.81764122894,0.005683589910375307
18497.57185332012,0.005659632649112926
18519.3260654113,0.005649644309635519
18541.08027750248,0.005640535979015114
18562.834489593657,0.0056291687236650675
18584.58870168484,0.005587627184485557
18606.342913776018,0.0055952831403728795
18628.097125867196,0.005586253905791339
18649.851337958375,0.00557505612255527
18671.605550049553,0.005554871588611297
18693.359762140735,0.005524557148465115
18715.113974231914,0.005514048689189913
18736.868186323092,0.005528348618925637
18758.62239841427,0.005485795054400136
18780.376610505453,0.005465150031006011
18802.13082259663,0.005437739727078706
18823.88503468781,0.005423776518199289
18845.63924677899,0.005417622868940307
18867.39345887017,0.0054079435089173225
18889.14767096135,0.005383918159604584
18910.901883052527,0.005321709320869094
18932.656095143706,0.005352902760600831
18954.410307234888,0.005296402965015502
18976.164519326067,0.005293579493165848
18997.918731417245,0.005297937568153574
19019.672943508423,0.005247754345581832
19041.427155599606,0.005239159164180547
19063.181367690784,0.005240023913574918
19084.935579781963,0.005198836097406514
19106.68979187314,0.005186707157883217
19128.444003964323,0.005142088375544901
19150.1982160555,0.005145186940065833
19171.95242814668,0.005147171737186646
19193.70664023786,0.005115419903255744
19215.46085232904,0.0050754130623601465
19237.21506442022,0.005048536334824975
19258.969276511398,0.0050331168399005005
19280.723488602576,0.005036511830181778
19302.47770069376,0.005012374882716775
19324.231912784937,0.004992832174023878
19345.986124876115,0.00495059313417948
19367.740336967294,0.004937191142568515
19389.494549058476,0.004946865452278746
19411.248761149654,0.0049523656483766425
19433.002973240833,0.004898442761597812
19454.75718533201,0.004872501352490012
19476.511397423194,0.004848050472984992
19498.265609514372,0.004824399962679815
19520.01982160555,0.004827559993955642
19541.77403369673,0.004796382334968825
19563.52824578791,0.0047672692871563276
19585.28245787909,0.004779632877476889
19607.036669970268,0.004725359025829255
19628.790882061447,0.004694936930170735
19650.54509415263,0.00469181823445506
19672.299306243807,0.004652661058728543
19694.053518334986,0.004636135827785248
19715.807730426164,0.004641180378416788
19737.561942517346,0.004614714540873033
19759.316154608525,0.004595539177916994
19781.070366699703,0.004564534263892538
19802.82457879088,0.004556367135305274
19824.578790882064,0.004572513355450151
19846.333002973242,0.004551740162491044
19868.08721506442,0.004521970275633067
19889.8414271556,0.0045115612901442444
19911.59563924678,0.004492879304241769
19933.34985133796,0.0044678214972250175
19955.10406342914,0.004464225549663234
19976.858275520317,0.004407085278577894
19998.6124876115,0.0044277893800823455
20020.366699702678,0.004400730747101213
20042.120911793856,0.004377223278512989
20063.875123885035,0.004376296590492239
20085.629335976217,0.004323640530168067
20107.383548067395,0.004326010393303396
20129.137760158574,0.004289331171473006
20150.891972249752,0.004278715710993312
20172.646184340934,0.004251438030777468
20194.400396432113,0.004251568580668198
20216.15460852329,0.004231284912985771
20237.90882061447,0.004209470522574187
20259.663032705652,0.004193086382867995
20281.41724479683,0.004185309680898297
20303.17145688801,0.004169118448866259
20324.925668979187,0.004136078071599955
20346.67988107037,0.004127120901621977
20368.434093161548,0.0041229106223706815
20390.188305252726,0.004087356981679603
20411.942517343905,0.004067876334833816
20433.696729435087,0.004057761061691533
20455.450941526266,0.004044130647178081
20477.205153617444,0.004030478610917071
20498.959365708622,0.004020974952227507
20520.7135777998,0.00399481386264742
20542.467789890983,0.003971939894363458
20564.22200198216,0.003975382841008524
20585.97621407334,0.003935995500391737
20607.73042616452,0.003927097790455695
20629.4846382557,0.003916216216374678
20651.23885034688,0.003910442666634687
20672.993062438058,0.0038856844464007882
20694.747274529236,0.003857370991711842
20716.50148662042,0.003858698584146733
20738.255698711597,0.0038530063386550506
20760.009910802775,0.0038186697603026635
20781.764122893954,0.0038119769387279876
20803.518334985136,0.003801647700189485
20825.272547076314,0.0037870523288136646
20847.026759167493,0.0037675566586801317
20868.78097125867,0.0037519259570969682
20890.535183349853,0.0037459244706583446
20912.289395441032,0.003738247602150505
20934.04360753221,0.0037172855420922403
20955.79781962339,0.003712172099126063
20977.55203171457,0.003708962800484524
20999.30624380575,0.0036782501300418654
21021.060455896928,0.003677733563851112
21042.814667988107,0.0036649899521042344
21064.56888007929,0.0036475467928816212
21086.323092170467,0.0036377705548526562
21108.077304261646,0.003619805893482411
21129.831516352824,0.0036255021563231763
21151.585728444006,0.00360937143053801
21173.339940535185,0.003604245686553568
21195.094152626363,0.003579876514876596
21216.84836471754,0.003568768969063842
21238.602576808724,0.0035571499053901287
21260.356788899902,0.0035449716179412494
21282.11100099108,0.0035451179112610627
21303.86521308226,0.0035168381466834666
21325.61942517344,0.003528143554018175
21347.37363726462,0.0035156819367585003
21369.1278493558,0.0034967537913956712
21390.882061446977,0.0034613626832462963
21412.63627353816,0.003473905515374447
21434.390485629337,0.003460198985951675
21456.144697720516,0.0034613747408688647
21477.898909811694,0.0034521189745491104
21499.653121902877,0.0034445634884445082
21521.407333994055,0.003442799631404941
21543.161546085234,0.003425082712885194
21564.915758176412,0.0033984209401639754
21586.669970267594,0.003402999721965901
21608.424182358773,0.0034026273258299976
21630.17839444995,0.0033896336348192557
21651.93260654113,0.0033913090739813145
21673.68681863231,0.0033738463999589546
21695.44103072349,0.0033672668411560435
21717.19524281467,0.003375006447334879
21738.949454905847,0.0033468991470979523
21760.70366699703,0.003363005603398543
21782.457879088208,0.003351306252311328
21804.212091179386,0.0033330736655089095
21825.966303270565,0.003325062798113894
21847.720515361747,0.003332969953720255
21869.474727452925,0.0033230897029910282
21891.228939544104,0.0033098896662978054
21912.983151635282,0.003282445066700279
21934.737363726465,0.0033007653156371173
21956.491575817643,0.0032899605652651825
21978.24578790882,0.003291727506317921
22000.0,0.003275385399037646
